Software Version            : FRANz 1.2.3
Dataset                     : cloneless
Time of Data Analysis       : Fri Nov  1 07:48:17 2024


*** Locus 1 ***

 +--------+--------+------------+------------+------------+--------------------------+
 | Allele |  Count | Heterozyg. |   Homozyg. |  Frequency | Frequency (Null Alleles) |
 +--------+--------+------------+------------+------------+--------------------------+
 |    135 |      1 |          1 |          0 |    0.00077 |                  0.00077 |
 |    137 |     20 |         20 |          0 |    0.01531 |                  0.01531 |
 |    139 |      2 |          2 |          0 |    0.00153 |                  0.00153 |
 |    141 |      1 |          1 |          0 |    0.00077 |                  0.00077 |
 |    143 |     10 |         10 |          0 |    0.00766 |                  0.00766 |
 |    145 |     33 |         33 |          0 |    0.02527 |                  0.02527 |
 |    147 |      7 |          7 |          0 |    0.00536 |                  0.00536 |
 |    149 |     68 |         66 |          1 |    0.05207 |                  0.05192 |
 |    151 |     33 |         33 |          0 |    0.02527 |                  0.02527 |
 |    153 |     33 |         31 |          1 |    0.02527 |                  0.02501 |
 |    155 |     36 |         32 |          2 |    0.02757 |                  0.02708 |
 |    157 |    117 |         99 |          9 |    0.08959 |                  0.08874 |
 |    159 |    124 |        118 |          3 |    0.09495 |                  0.09468 |
 |    161 |     63 |         61 |          1 |    0.04824 |                  0.04808 |
 |    163 |    125 |        109 |          8 |    0.09571 |                  0.09500 |
 |    165 |     70 |         64 |          3 |    0.05360 |                  0.05316 |
 |    167 |     82 |         78 |          2 |    0.06279 |                  0.06253 |
 |    169 |    109 |        100 |          4 |    0.08270 |                  0.08229 |
 |    171 |    136 |        102 |         17 |    0.10413 |                  0.10273 |
 |    173 |     43 |         41 |          1 |    0.03292 |                  0.03271 |
 |    175 |     64 |         64 |          0 |    0.04900 |                  0.04900 |
 |    177 |     42 |         38 |          2 |    0.03216 |                  0.03173 |
 |    179 |     57 |         55 |          1 |    0.04364 |                  0.04347 |
 |    181 |     14 |         14 |          0 |    0.01072 |                  0.01072 |
 |    183 |      8 |          8 |          0 |    0.00613 |                  0.00613 |
 |    185 |      6 |          6 |          0 |    0.00459 |                  0.00459 |
 |    187 |      1 |          1 |          0 |    0.00077 |                  0.00077 |
 |    193 |      1 |          1 |          0 |    0.00077 |                  0.00077 |
 |    195 |      1 |          1 |          0 |    0.00077 |                  0.00077 |
 +--------+--------+------------+------------+------------+--------------------------+
   TOTAL:     1307         1196           55

Observed Heterozygosity     : 0.9158
Expected Heterozygosity     : 0.9354
Hardy-Weinberg Test
   p-Value                  : 0.0130
   Standard Error           : 0.0026
Estimated Null Allele Freq. : 0.0062
Estimated Genotyping Failure: 0.0617 (43 untyped)
Polymorphic Inform. Content : 0.9308

Exclusion probability when 1 to 7 fullsibs are genotyped
  First Parent              : 0.7664409  0.8564301  0.9358726  0.9632438  0.9653744  0.9654180  0.9654184 
  Second Parent             : 0.8677093  0.9257462  0.9679154  0.9812992  0.9824615  0.9825012  0.9825016 
  Parent Pair               : 0.9701948  0.9901050  0.9980441  0.9993111  0.9993840  0.9993855  0.9993855 

Probability of identity
  2 unrelated individuals   : 0.0081272
  Siblings                  : 0.2846922

Sibship exclusion probability
  3 unrelated individuals   : 0.9032178
  4 unrelated individuals   : 0.9945278


*** Locus 2 ***

 +--------+--------+------------+------------+------------+--------------------------+
 | Allele |  Count | Heterozyg. |   Homozyg. |  Frequency | Frequency (Null Alleles) |
 +--------+--------+------------+------------+------------+--------------------------+
 |    173 |    105 |         87 |          8 |    0.08415 |                  0.07988 |
 |    175 |     76 |         61 |          7 |    0.06127 |                  0.05715 |
 |    177 |     33 |         32 |          0 |    0.02614 |                  0.02604 |
 |    179 |     25 |         23 |          1 |    0.02042 |                  0.01965 |
 |    181 |     42 |         40 |          1 |    0.03431 |                  0.03354 |
 |    183 |     40 |         34 |          3 |    0.03268 |                  0.03060 |
 |    185 |    139 |         95 |         18 |    0.10703 |                  0.09848 |
 |    187 |     83 |         59 |         12 |    0.06781 |                  0.06102 |
 |    189 |     66 |         58 |          4 |    0.05392 |                  0.05142 |
 |    191 |     41 |         35 |          3 |    0.03350 |                  0.03142 |
 |    193 |     89 |         77 |          5 |    0.07108 |                  0.06819 |
 |    195 |    183 |        144 |         18 |    0.14706 |                  0.13963 |
 |    197 |    176 |        114 |         29 |    0.14052 |                  0.12843 |
 |    199 |     34 |         30 |          2 |    0.02778 |                  0.02633 |
 |    201 |      3 |          3 |          0 |    0.00245 |                  0.00244 |
 |    203 |     20 |         17 |          1 |    0.01552 |                  0.01474 |
 |    205 |     52 |         44 |          3 |    0.04085 |                  0.03884 |
 |    207 |     35 |         29 |          3 |    0.02859 |                  0.02648 |
 |    209 |      5 |          3 |          1 |    0.00408 |                  0.00328 |
 |    211 |      1 |          1 |          0 |    0.00082 |                  0.00081 |
 +--------+--------+------------+------------+------------+--------------------------+
   TOTAL:     1248          986          119

Observed Heterozygosity     : 0.8056
Expected Heterozygosity     : 0.9165
Hardy-Weinberg Test
   p-Value                  : 0.0000
   Standard Error           : 0.0000
Estimated Null Allele Freq. : 0.0616
Estimated Genotyping Failure: 0.0872 (61 untyped)
Polymorphic Inform. Content : 0.9098

Exclusion probability when 1 to 7 fullsibs are genotyped
  First Parent              : 0.7103495  0.8127884  0.9069992  0.9403407  0.9431337  0.9432116  0.9432123 
  Second Parent             : 0.8305742  0.9012978  0.9526770  0.9692858  0.9709113  0.9709845  0.9709852 
  Parent Pair               : 0.9533770  0.9831889  0.9958725  0.9981850  0.9983408  0.9983454  0.9983454 

Probability of identity
  2 unrelated individuals   : 0.0131129
  Siblings                  : 0.2953725

Sibship exclusion probability
  3 unrelated individuals   : 0.8552949
  4 unrelated individuals   : 0.9867301


*** Locus 3 ***

 +--------+--------+------------+------------+------------+--------------------------+
 | Allele |  Count | Heterozyg. |   Homozyg. |  Frequency | Frequency (Null Alleles) |
 +--------+--------+------------+------------+------------+--------------------------+
 |     91 |     36 |         30 |          3 |    0.02857 |                  0.02591 |
 |     93 |     30 |         20 |          5 |    0.02381 |                  0.01974 |
 |     95 |    107 |         67 |         20 |    0.08492 |                  0.07100 |
 |     97 |     72 |         46 |         13 |    0.05714 |                  0.04746 |
 |     99 |    394 |        218 |         88 |    0.31270 |                  0.27269 |
 |    100 |      1 |          1 |          0 |    0.00079 |                  0.00078 |
 |    101 |     34 |         22 |          6 |    0.02698 |                  0.02216 |
 |    103 |      3 |          1 |          1 |    0.00238 |                  0.00156 |
 |    105 |     23 |         19 |          2 |    0.01825 |                  0.01645 |
 |    107 |     83 |         55 |         14 |    0.06587 |                  0.05560 |
 |    109 |     72 |         52 |         10 |    0.05714 |                  0.04950 |
 |    110 |      1 |          1 |          0 |    0.00079 |                  0.00078 |
 |    111 |    136 |         84 |         26 |    0.10794 |                  0.09076 |
 |    112 |      4 |          0 |          2 |    0.00317 |                  0.00157 |
 |    113 |     50 |         40 |          5 |    0.03968 |                  0.03550 |
 |    114 |      4 |          2 |          1 |    0.00317 |                  0.00234 |
 |    115 |     60 |         47 |          6 |    0.04683 |                  0.04191 |
 |    117 |     27 |         19 |          4 |    0.02143 |                  0.01811 |
 |    119 |     36 |         34 |          1 |    0.02857 |                  0.02734 |
 |    121 |     60 |         52 |          4 |    0.04762 |                  0.04406 |
 |    122 |      1 |          1 |          0 |    0.00079 |                  0.00078 |
 |    123 |     21 |         15 |          3 |    0.01667 |                  0.01414 |
 |    125 |      6 |          4 |          1 |    0.00476 |                  0.00391 |
 +--------+--------+------------+------------+------------+--------------------------+
   TOTAL:     1261          830          215

Observed Heterozygosity     : 0.6587
Expected Heterozygosity     : 0.8631
Hardy-Weinberg Test
   p-Value                  : 0.0000
   Standard Error           : 0.0000
Estimated Null Allele Freq. : 0.1360
Estimated Genotyping Failure: 0.0778 (66 untyped)
Polymorphic Inform. Content : 0.8533

Exclusion probability when 1 to 7 fullsibs are genotyped
  First Parent              : 0.5919860  0.7008997  0.8128026  0.8546665  0.8585237  0.8586641  0.8586654 
  Second Parent             : 0.7448148  0.8342515  0.9000794  0.9220135  0.9244540  0.9245889  0.9245902 
  Parent Pair               : 0.9119910  0.9613109  0.9854189  0.9908401  0.9912567  0.9912703  0.9912704 

Probability of identity
  2 unrelated individuals   : 0.0280163
  Siblings                  : 0.3258128

Sibship exclusion probability
  3 unrelated individuals   : 0.7547382
  4 unrelated individuals   : 0.9527439


*** Locus 4 ***

 +--------+--------+------------+------------+------------+--------------------------+
 | Allele |  Count | Heterozyg. |   Homozyg. |  Frequency | Frequency (Null Alleles) |
 +--------+--------+------------+------------+------------+--------------------------+
 |    130 |      4 |          4 |          0 |    0.00301 |                  0.00301 |
 |    136 |      2 |          2 |          0 |    0.00151 |                  0.00151 |
 |    138 |     19 |         19 |          0 |    0.01431 |                  0.01430 |
 |    140 |      3 |          3 |          0 |    0.00226 |                  0.00226 |
 |    142 |    145 |        117 |         14 |    0.10919 |                  0.10681 |
 |    144 |     35 |         33 |          1 |    0.02636 |                  0.02594 |
 |    146 |    152 |        139 |          6 |    0.11370 |                  0.11271 |
 |    148 |    154 |        130 |         12 |    0.11596 |                  0.11402 |
 |    150 |    214 |        162 |         26 |    0.16114 |                  0.15792 |
 |    152 |     91 |         79 |          6 |    0.06852 |                  0.06709 |
 |    154 |    119 |        104 |          7 |    0.08886 |                  0.08747 |
 |    156 |      7 |          6 |          0 |    0.00452 |                  0.00452 |
 |    158 |     53 |         49 |          2 |    0.03991 |                  0.03924 |
 |    160 |     64 |         60 |          2 |    0.04819 |                  0.04759 |
 |    162 |     69 |         67 |          1 |    0.05196 |                  0.05166 |
 |    164 |     16 |         16 |          0 |    0.01205 |                  0.01205 |
 |    166 |     10 |         10 |          0 |    0.00753 |                  0.00753 |
 |    168 |     76 |         72 |          2 |    0.05723 |                  0.05669 |
 |    170 |     69 |         58 |          5 |    0.05120 |                  0.04976 |
 |    172 |     10 |         10 |          0 |    0.00753 |                  0.00753 |
 |    174 |      1 |          1 |          0 |    0.00075 |                  0.00075 |
 |    176 |      8 |          8 |          0 |    0.00602 |                  0.00602 |
 |    178 |     11 |         11 |          0 |    0.00828 |                  0.00828 |
 +--------+--------+------------+------------+------------+--------------------------+
   TOTAL:     1332         1160           84

Observed Heterozygosity     : 0.8735
Expected Heterozygosity     : 0.9100
Hardy-Weinberg Test
   p-Value                  : 0.0000
   Standard Error           : 0.0000
Estimated Null Allele Freq. : 0.0154
Estimated Genotyping Failure: 0.0416 (29 untyped)
Polymorphic Inform. Content : 0.9024

Exclusion probability when 1 to 7 fullsibs are genotyped
  First Parent              : 0.6907249  0.7975888  0.8969303  0.9323849  0.9354430  0.9355371  0.9355379 
  Second Parent             : 0.8172425  0.8925733  0.9472736  0.9650879  0.9669124  0.9670016  0.9670025 
  Parent Pair               : 0.9462046  0.9801745  0.9948813  0.9976508  0.9978446  0.9978506  0.9978507 

Probability of identity
  2 unrelated individuals   : 0.0152107
  Siblings                  : 0.2991243

Sibship exclusion probability
  3 unrelated individuals   : 0.8349352
  4 unrelated individuals   : 0.9829137


*** Locus 5 ***

 +--------+--------+------------+------------+------------+--------------------------+
 | Allele |  Count | Heterozyg. |   Homozyg. |  Frequency | Frequency (Null Alleles) |
 +--------+--------+------------+------------+------------+--------------------------+
 |    204 |      2 |          2 |          0 |    0.00151 |                  0.00151 |
 |    206 |      1 |          1 |          0 |    0.00076 |                  0.00076 |
 |    208 |    151 |        129 |         11 |    0.11422 |                  0.11341 |
 |    210 |     39 |         37 |          1 |    0.02950 |                  0.02928 |
 |    212 |     38 |         35 |          1 |    0.02799 |                  0.02776 |
 |    214 |    114 |         99 |          7 |    0.08548 |                  0.08481 |
 |    216 |     23 |         23 |          0 |    0.01740 |                  0.01740 |
 |    218 |     78 |         74 |          2 |    0.05900 |                  0.05874 |
 |    220 |    146 |        122 |         12 |    0.11044 |                  0.10953 |
 |    222 |    114 |        106 |          4 |    0.08623 |                  0.08585 |
 |    224 |    190 |        160 |         15 |    0.14372 |                  0.14283 |
 |    226 |     96 |         86 |          5 |    0.07262 |                  0.07207 |
 |    228 |     67 |         65 |          1 |    0.05068 |                  0.05053 |
 |    230 |     34 |         34 |          0 |    0.02572 |                  0.02572 |
 |    232 |     39 |         39 |          0 |    0.02950 |                  0.02950 |
 |    234 |    103 |         93 |          5 |    0.07791 |                  0.07740 |
 |    236 |     35 |         31 |          2 |    0.02648 |                  0.02599 |
 |    238 |     25 |         25 |          0 |    0.01891 |                  0.01891 |
 |    240 |     14 |         14 |          0 |    0.01059 |                  0.01059 |
 |    242 |      9 |          9 |          0 |    0.00681 |                  0.00681 |
 |    244 |      1 |          1 |          0 |    0.00076 |                  0.00076 |
 |    246 |      1 |          1 |          0 |    0.00076 |                  0.00076 |
 |    248 |      1 |          1 |          0 |    0.00076 |                  0.00076 |
 |    250 |      1 |          1 |          0 |    0.00076 |                  0.00076 |
 |    252 |      2 |          2 |          0 |    0.00151 |                  0.00151 |
 +--------+--------+------------+------------+------------+--------------------------+
   TOTAL:     1324         1190           66

Observed Heterozygosity     : 0.9002
Expected Heterozygosity     : 0.9179
Hardy-Weinberg Test
   p-Value                  : 0.0820
   Standard Error           : 0.0077
Estimated Null Allele Freq. : 0.0061
Estimated Genotyping Failure: 0.0489 (34 untyped)
Polymorphic Inform. Content : 0.9113

Exclusion probability when 1 to 7 fullsibs are genotyped
  First Parent              : 0.7134242  0.8159596  0.9098021  0.9429317  0.9456974  0.9457736  0.9457743 
  Second Parent             : 0.8328227  0.9031539  0.9542014  0.9706807  0.9722854  0.9723571  0.9723578 
  Parent Pair               : 0.9541862  0.9836524  0.9960939  0.9983288  0.9984766  0.9984807  0.9984807 

Probability of identity
  2 unrelated individuals   : 0.0127992
  Siblings                  : 0.2945619

Sibship exclusion probability
  3 unrelated individuals   : 0.8568929
  4 unrelated individuals   : 0.9874571


*** Locus 6 ***

 +--------+--------+------------+------------+------------+--------------------------+
 | Allele |  Count | Heterozyg. |   Homozyg. |  Frequency | Frequency (Null Alleles) |
 +--------+--------+------------+------------+------------+--------------------------+
 |    101 |     26 |         22 |          2 |    0.01932 |                  0.01775 |
 |    105 |    698 |        262 |        218 |    0.51857 |                  0.46276 |
 |    109 |    316 |        194 |         61 |    0.23477 |                  0.20972 |
 |    113 |     52 |         44 |          4 |    0.03863 |                  0.03569 |
 |    117 |     14 |         14 |          0 |    0.01040 |                  0.01029 |
 |    121 |    185 |        117 |         34 |    0.13744 |                  0.12001 |
 |    125 |     55 |         49 |          3 |    0.04086 |                  0.03855 |
 +--------+--------+------------+------------+------------+--------------------------+
   TOTAL:     1346          702          322

Observed Heterozygosity     : 0.5215
Expected Heterozygosity     : 0.6539
Hardy-Weinberg Test
   p-Value                  : 0.0000
   Standard Error           : 0.0000
Estimated Null Allele Freq. : 0.1052
Estimated Genotyping Failure: 0.0236 (24 untyped)
Polymorphic Inform. Content : 0.6090

Exclusion probability when 1 to 7 fullsibs are genotyped
  First Parent              : 0.2472888  0.3329372  0.4328310  0.4798790  0.4890767  0.4898700  0.4898779 
  Second Parent             : 0.4196895  0.5356476  0.6279438  0.6672861  0.6758822  0.6766731  0.6766811 
  Parent Pair               : 0.6082805  0.7326482  0.8147965  0.8426526  0.8470534  0.8473986  0.8474020 

Probability of identity
  2 unrelated individuals   : 0.1645959
  Siblings                  : 0.4644109

Sibship exclusion probability
  3 unrelated individuals   : 0.2275431
  4 unrelated individuals   : 0.4679650


*** Locus 7 ***

 +--------+--------+------------+------------+------------+--------------------------+
 | Allele |  Count | Heterozyg. |   Homozyg. |  Frequency | Frequency (Null Alleles) |
 +--------+--------+------------+------------+------------+--------------------------+
 |    167 |     20 |         20 |          0 |    0.01610 |                  0.01604 |
 |    169 |      5 |          5 |          0 |    0.00403 |                  0.00401 |
 |    173 |     21 |         16 |          2 |    0.01610 |                  0.01461 |
 |    175 |    441 |        230 |         98 |    0.34300 |                  0.31984 |
 |    177 |     12 |         10 |          1 |    0.00966 |                  0.00888 |
 |    179 |     60 |         44 |          7 |    0.04670 |                  0.04234 |
 |    181 |     13 |         11 |          1 |    0.01047 |                  0.00968 |
 |    183 |    170 |        125 |         19 |    0.13124 |                  0.12312 |
 |    185 |     15 |         11 |          2 |    0.01208 |                  0.01055 |
 |    187 |     62 |         46 |          7 |    0.04831 |                  0.04399 |
 |    189 |    117 |         89 |         14 |    0.09420 |                  0.08727 |
 |    191 |     52 |         45 |          3 |    0.04106 |                  0.03908 |
 |    193 |     11 |          9 |          1 |    0.00886 |                  0.00807 |
 |    195 |     22 |         20 |          1 |    0.01771 |                  0.01694 |
 |    197 |     60 |         55 |          2 |    0.04750 |                  0.04616 |
 |    199 |     50 |         39 |          4 |    0.03784 |                  0.03520 |
 |    201 |     26 |         20 |          2 |    0.01932 |                  0.01785 |
 |    203 |     29 |         26 |          1 |    0.02254 |                  0.02178 |
 |    205 |     16 |         16 |          0 |    0.01288 |                  0.01283 |
 |    207 |     14 |         14 |          0 |    0.01127 |                  0.01123 |
 |    209 |      1 |          1 |          0 |    0.00081 |                  0.00080 |
 |    211 |     39 |         36 |          0 |    0.02899 |                  0.02888 |
 |    213 |     14 |         14 |          0 |    0.01127 |                  0.01123 |
 |    215 |      6 |          6 |          0 |    0.00483 |                  0.00481 |
 |    219 |      3 |          3 |          0 |    0.00242 |                  0.00241 |
 |    225 |      1 |          1 |          0 |    0.00081 |                  0.00080 |
 +--------+--------+------------+------------+------------+--------------------------+
   TOTAL:     1280          912          165

Observed Heterozygosity     : 0.7343
Expected Heterozygosity     : 0.8436
Hardy-Weinberg Test
   p-Value                  : 0.0000
   Standard Error           : 0.0000
Estimated Null Allele Freq. : 0.0616
Estimated Genotyping Failure: 0.0541 (38 untyped)
Polymorphic Inform. Content : 0.8325

Exclusion probability when 1 to 7 fullsibs are genotyped
  First Parent              : 0.5541519  0.6624786  0.7773950  0.8211066  0.8252832  0.8254486  0.8254502 
  Second Parent             : 0.7152559  0.8094132  0.8790708  0.9025515  0.9052820  0.9054416  0.9054432 
  Parent Pair               : 0.8945809  0.9507807  0.9793702  0.9861657  0.9867296  0.9867512  0.9867514 

Probability of identity
  2 unrelated individuals   : 0.0350331
  Siblings                  : 0.3373185

Sibship exclusion probability
  3 unrelated individuals   : 0.7171962
  4 unrelated individuals   : 0.9324078


*** Locus 8 ***

 +--------+--------+------------+------------+------------+--------------------------+
 | Allele |  Count | Heterozyg. |   Homozyg. |  Frequency | Frequency (Null Alleles) |
 +--------+--------+------------+------------+------------+--------------------------+
 |    149 |     10 |          8 |          1 |    0.00784 |                  0.00711 |
 |    150 |      2 |          2 |          0 |    0.00157 |                  0.00156 |
 |    151 |    314 |        231 |         41 |    0.24530 |                  0.23691 |
 |    153 |     31 |         31 |          0 |    0.02429 |                  0.02426 |
 |    159 |      7 |          7 |          0 |    0.00549 |                  0.00548 |
 |    161 |     94 |         86 |          3 |    0.07210 |                  0.07075 |
 |    163 |    244 |        178 |         33 |    0.19122 |                  0.18316 |
 |    165 |    145 |        115 |         15 |    0.11364 |                  0.10852 |
 |    166 |      2 |          0 |          1 |    0.00157 |                  0.00079 |
 |    167 |    235 |        165 |         34 |    0.18260 |                  0.17403 |
 |    169 |    153 |        114 |         19 |    0.11912 |                  0.11282 |
 |    171 |      5 |          5 |          0 |    0.00392 |                  0.00391 |
 |    173 |      2 |          2 |          0 |    0.00157 |                  0.00156 |
 |    175 |     27 |         27 |          0 |    0.02116 |                  0.02113 |
 |    177 |      7 |          7 |          0 |    0.00549 |                  0.00548 |
 |    179 |      2 |          2 |          0 |    0.00157 |                  0.00156 |
 |    181 |      1 |          1 |          0 |    0.00078 |                  0.00078 |
 |    183 |      1 |          1 |          0 |    0.00078 |                  0.00078 |
 +--------+--------+------------+------------+------------+--------------------------+
   TOTAL:     1282          982          147

Observed Heterozygosity     : 0.7696
Expected Heterozygosity     : 0.8371
Hardy-Weinberg Test
   p-Value                  : 0.0000
   Standard Error           : 0.0000
Estimated Null Allele Freq. : 0.0394
Estimated Genotyping Failure: 0.0753 (53 untyped)
Polymorphic Inform. Content : 0.8161

Exclusion probability when 1 to 7 fullsibs are genotyped
  First Parent              : 0.5054324  0.6309970  0.7608727  0.8120993  0.8183306  0.8187007  0.8187043 
  Second Parent             : 0.6749143  0.7859814  0.8681677  0.8980198  0.9027226  0.9030866  0.9030903 
  Parent Pair               : 0.8483873  0.9281961  0.9700224  0.9807163  0.9818676  0.9819348  0.9819355 

Probability of identity
  2 unrelated individuals   : 0.0471999
  Siblings                  : 0.3435452

Sibship exclusion probability
  3 unrelated individuals   : 0.5994918
  4 unrelated individuals   : 0.8870490


*** Locus 9 ***

 +--------+--------+------------+------------+------------+--------------------------+
 | Allele |  Count | Heterozyg. |   Homozyg. |  Frequency | Frequency (Null Alleles) |
 +--------+--------+------------+------------+------------+--------------------------+
 |    123 |     50 |         38 |          6 |    0.03906 |                  0.03474 |
 |    124 |     76 |         60 |          8 |    0.05937 |                  0.05394 |
 |    125 |     40 |         28 |          6 |    0.03125 |                  0.02686 |
 |    126 |    132 |         70 |         31 |    0.10312 |                  0.08540 |
 |    127 |     37 |         32 |          2 |    0.02813 |                  0.02649 |
 |    128 |     42 |         38 |          2 |    0.03281 |                  0.03116 |
 |    129 |     51 |         43 |          4 |    0.03984 |                  0.03685 |
 |    130 |      6 |          4 |          1 |    0.00469 |                  0.00388 |
 |    131 |     11 |         11 |          0 |    0.00859 |                  0.00851 |
 |    132 |     90 |         60 |         15 |    0.07031 |                  0.06077 |
 |    133 |     32 |         30 |          1 |    0.02500 |                  0.02407 |
 |    134 |     88 |         62 |         13 |    0.06875 |                  0.06039 |
 |    135 |      1 |          1 |          0 |    0.00078 |                  0.00077 |
 |    136 |      3 |          3 |          0 |    0.00234 |                  0.00232 |
 |    138 |    208 |        134 |         36 |    0.16094 |                  0.14326 |
 |    140 |    109 |         83 |         13 |    0.08516 |                  0.07711 |
 |    142 |    120 |        102 |          9 |    0.09375 |                  0.08803 |
 |    144 |     81 |         63 |          9 |    0.06328 |                  0.05728 |
 |    146 |      4 |          4 |          0 |    0.00313 |                  0.00309 |
 |    148 |     27 |         25 |          1 |    0.02109 |                  0.02019 |
 |    152 |      8 |          8 |          0 |    0.00625 |                  0.00619 |
 |    154 |      1 |          1 |          0 |    0.00078 |                  0.00077 |
 |    156 |     20 |         20 |          0 |    0.01563 |                  0.01547 |
 |    158 |      3 |          3 |          0 |    0.00234 |                  0.00232 |
 |    160 |      1 |          1 |          0 |    0.00078 |                  0.00077 |
 |    162 |      2 |          2 |          0 |    0.00156 |                  0.00155 |
 |    164 |      9 |          7 |          1 |    0.00703 |                  0.00621 |
 |    166 |      1 |          1 |          0 |    0.00078 |                  0.00077 |
 |    168 |      1 |          1 |          0 |    0.00078 |                  0.00077 |
 |    170 |      3 |          3 |          0 |    0.00234 |                  0.00232 |
 |    174 |      5 |          3 |          1 |    0.00391 |                  0.00311 |
 |    186 |     21 |         21 |          0 |    0.01641 |                  0.01625 |
 +--------+--------+------------+------------+------------+--------------------------+
   TOTAL:     1283          962          159

Observed Heterozygosity     : 0.7516
Expected Heterozygosity     : 0.9232
Hardy-Weinberg Test
   p-Value                  : 0.0000
   Standard Error           : 0.0000
Estimated Null Allele Freq. : 0.0984
Estimated Genotyping Failure: 0.0688 (54 untyped)
Polymorphic Inform. Content : 0.9174

Exclusion probability when 1 to 7 fullsibs are genotyped
  First Parent              : 0.7311906  0.8284322  0.9169200  0.9479748  0.9504999  0.9505627  0.9505633 
  Second Parent             : 0.8444286  0.9101626  0.9579593  0.9732993  0.9747302  0.9747887  0.9747893 
  Parent Pair               : 0.9604206  0.9860525  0.9967608  0.9986439  0.9987647  0.9987678  0.9987679 

Probability of identity
  2 unrelated individuals   : 0.0110645
  Siblings                  : 0.2915320

Sibship exclusion probability
  3 unrelated individuals   : 0.8756449
  4 unrelated individuals   : 0.9900690


*** Locus 10 ***

 +--------+--------+------------+------------+------------+--------------------------+
 | Allele |  Count | Heterozyg. |   Homozyg. |  Frequency | Frequency (Null Alleles) |
 +--------+--------+------------+------------+------------+--------------------------+
 |    150 |     42 |         34 |          4 |    0.03488 |                  0.03264 |
 |    161 |     14 |         12 |          0 |    0.00997 |                  0.00996 |
 |    165 |      3 |          3 |          0 |    0.00249 |                  0.00249 |
 |    167 |     52 |         45 |          3 |    0.04236 |                  0.04079 |
 |    168 |      3 |          3 |          0 |    0.00249 |                  0.00249 |
 |    169 |     78 |         76 |          1 |    0.06478 |                  0.06430 |
 |    170 |     21 |         21 |          0 |    0.01744 |                  0.01742 |
 |    171 |     34 |         32 |          1 |    0.02824 |                  0.02763 |
 |    172 |      1 |          1 |          0 |    0.00083 |                  0.00083 |
 |    173 |     33 |         29 |          2 |    0.02741 |                  0.02620 |
 |    174 |      4 |          4 |          0 |    0.00332 |                  0.00332 |
 |    175 |     40 |         37 |          1 |    0.03239 |                  0.03180 |
 |    177 |     16 |         16 |          0 |    0.01329 |                  0.01328 |
 |    178 |      1 |          1 |          0 |    0.00083 |                  0.00083 |
 |    179 |    101 |         85 |          7 |    0.08223 |                  0.07954 |
 |    180 |     12 |         11 |          0 |    0.00914 |                  0.00913 |
 |    181 |    148 |        106 |         20 |    0.12126 |                  0.11517 |
 |    182 |     75 |         64 |          2 |    0.05648 |                  0.05553 |
 |    183 |     66 |         50 |          7 |    0.05316 |                  0.04982 |
 |    184 |      7 |          5 |          1 |    0.00581 |                  0.00504 |
 |    185 |     31 |         31 |          0 |    0.02575 |                  0.02572 |
 |    186 |     20 |         17 |          1 |    0.01578 |                  0.01509 |
 |    187 |     88 |         66 |         10 |    0.07143 |                  0.06729 |
 |    188 |      4 |          4 |          0 |    0.00332 |                  0.00332 |
 |    189 |    101 |         87 |          6 |    0.08223 |                  0.07991 |
 |    190 |      7 |          7 |          0 |    0.00581 |                  0.00581 |
 |    191 |     41 |         38 |          1 |    0.03322 |                  0.03264 |
 |    192 |     11 |          9 |          1 |    0.00914 |                  0.00839 |
 |    193 |     75 |         65 |          4 |    0.06063 |                  0.05883 |
 |    194 |     18 |         18 |          0 |    0.01495 |                  0.01493 |
 |    195 |     73 |         66 |          3 |    0.05980 |                  0.05843 |
 |    196 |      4 |          3 |          0 |    0.00249 |                  0.00249 |
 |    197 |      4 |          4 |          0 |    0.00332 |                  0.00332 |
 |    198 |      1 |          1 |          0 |    0.00083 |                  0.00083 |
 |    199 |      1 |          1 |          0 |    0.00083 |                  0.00083 |
 |    201 |      1 |          1 |          0 |    0.00083 |                  0.00083 |
 |    208 |      1 |          1 |          0 |    0.00083 |                  0.00083 |
 +--------+--------+------------+------------+------------+--------------------------+
   TOTAL:     1232         1054           75

Observed Heterozygosity     : 0.8754
Expected Heterozygosity     : 0.9413
Hardy-Weinberg Test
   p-Value                  : 0.0038
   Standard Error           : 0.0018
Estimated Null Allele Freq. : 0.0323
Estimated Genotyping Failure: 0.0992 (67 untyped)
Polymorphic Inform. Content : 0.9374

Exclusion probability when 1 to 7 fullsibs are genotyped
  First Parent              : 0.7860829  0.8699498  0.9432924  0.9683882  0.9702982  0.9703327  0.9703330 
  Second Parent             : 0.8799632  0.9330692  0.9717306  0.9839476  0.9849680  0.9849989  0.9849992 
  Parent Pair               : 0.9753294  0.9919583  0.9984900  0.9994974  0.9995531  0.9995542  0.9995542 

Probability of identity
  2 unrelated individuals   : 0.0067069
  Siblings                  : 0.2814258

Sibship exclusion probability
  3 unrelated individuals   : 0.9191819
  4 unrelated individuals   : 0.9960391


