HWE Steps                   : 1000
HWE Chunks                  : 200
HWE Chunk Size              : 1000


*** Locus 1 ***

Observed genotype frequencies: 

     ------
 148 |   0|
     -----------
 150 |   0|   0|
     ----------------
 161 |   0|   0|   0|
     ---------------------
 163 |   0|   0|   0|   0|
     --------------------------
 165 |   0|   0|   0|   0|   0|
     -------------------------------
 166 |   0|   2|   0|   1|   0|   2|
     ------------------------------------
 167 |   0|   0|   0|   0|   1|   2|   0|
     -----------------------------------------
 168 |   0|   1|   1|   0|   0|   8|   1|   1|
     ----------------------------------------------
 169 |   0|   0|   0|   0|   0|   2|   1|   5|   0|
     ---------------------------------------------------
 170 |   0|   1|   0|   0|   0|   3|   0|   6|   0|   2|
     --------------------------------------------------------
 171 |   0|   1|   0|   0|   0|   2|   0|   1|   2|   1|   6|
     -------------------------------------------------------------
 172 |   1|   8|   0|   0|   2|   8|   2|  19|   4|   4|   6|  17|
     ------------------------------------------------------------------
 173 |   0|   8|   0|   0|   4|   5|   2|  12|   9|   6|  14|  26|  11|
     -----------------------------------------------------------------------
 174 |   0|   1|   0|   0|   0|   4|   1|   7|   6|   2|   1|  13|  16|   7|
     ----------------------------------------------------------------------------
 175 |   1|   7|   4|   0|   1|  10|   7|  18|   5|   6|   9|  19|  32|  16|  24|
     ---------------------------------------------------------------------------------
 176 |   0|   0|   1|   1|   2|   8|   2|  10|   6|   3|   5|  14|  14|  10|  17|   7|
     --------------------------------------------------------------------------------------
 177 |   0|   8|   0|   0|   0|   7|   4|   9|   2|   4|   1|  13|  23|   8|  26|  11|  11|
     -------------------------------------------------------------------------------------------
 178 |   0|   2|   0|   1|   3|   6|   3|  13|  11|   3|   3|  17|  21|  10|  18|  10|  17|   9|
     ------------------------------------------------------------------------------------------------
 179 |   0|   1|   1|   1|   2|   6|   5|   9|   7|   3|   8|  19|  25|  10|  23|  12|  19|  17|  22|
     -----------------------------------------------------------------------------------------------------
 180 |   0|   1|   0|   0|   1|   6|   1|   9|   2|   1|   4|   6|   7|   3|   4|  11|   6|   4|  11|   4|
     ----------------------------------------------------------------------------------------------------------
 181 |   0|   1|   0|   0|   0|   5|   0|   8|   2|   0|   6|   7|   6|   6|  13|  11|   6|   9|  15|   4|   1|
     ---------------------------------------------------------------------------------------------------------------
 182 |   0|   0|   0|   0|   0|   3|   0|   1|   4|   1|   0|   1|   7|   6|   7|   3|   3|   7|   6|   1|   6|   3|
     --------------------------------------------------------------------------------------------------------------------
 183 |   0|   1|   1|   0|   1|   0|   0|   5|   3|   1|   0|   7|   9|   9|   1|   3|   7|   9|  12|   7|   2|   2|   1|
     -------------------------------------------------------------------------------------------------------------------------
 184 |   0|   0|   0|   0|   0|   0|   0|   3|   1|   0|   3|   1|   5|   3|   1|   1|   2|   2|   4|   1|   2|   2|   2|   0|
     ------------------------------------------------------------------------------------------------------------------------------
 185 |   0|   0|   0|   0|   0|   1|   0|   0|   0|   0|   1|   3|   0|   2|   1|   2|   0|   2|   2|   1|   0|   0|   0|   0|   0|
     -----------------------------------------------------------------------------------------------------------------------------------
 186 |   0|   0|   0|   0|   1|   0|   0|   0|   1|   0|   0|   1|   1|   0|   1|   0|   1|   2|   0|   0|   0|   1|   2|   0|   0|   0|
     ----------------------------------------------------------------------------------------------------------------------------------------
 187 |   0|   0|   0|   0|   0|   0|   0|   1|   0|   0|   0|   0|   1|   0|   0|   2|   1|   0|   1|   0|   0|   0|   0|   0|   0|   0|   0|
     ---------------------------------------------------------------------------------------------------------------------------------------------
 188 |   0|   0|   0|   0|   0|   0|   0|   1|   0|   0|   0|   0|   1|   3|   0|   0|   0|   0|   1|   0|   0|   0|   0|   0|   0|   0|   0|   0|
     --------------------------------------------------------------------------------------------------------------------------------------------------
 189 |   0|   0|   0|   1|   0|   0|   0|   0|   0|   0|   0|   1|   1|   0|   1|   1|   1|   1|   0|   0|   1|   0|   0|   0|   0|   0|   0|   0|   0|
     -------------------------------------------------------------------------------------------------------------------------------------------------------
 190 |   0|   0|   0|   0|   0|   0|   0|   1|   0|   0|   0|   0|   1|   0|   0|   1|   0|   0|   0|   0|   0|   1|   0|   0|   0|   0|   0|   0|   0|   0|
     -------------------------------------------------------------------------------------------------------------------------------------------------------

Randomization test P-value    : 0.02183  (0.003933) 
Percentage of partial switches:   7.58 
Percentage of full switches   :  10.52 
Percentage of all switches    :  18.09 

*** Locus 2 ***

Observed genotype frequencies: 

     ------
 148 |   0|
     -----------
 150 |   0|   3|
     ----------------
 161 |   0|   0|   0|
     ---------------------
 163 |   0|   0|   1|   0|
     --------------------------
 165 |   0|   0|   0|   0|   1|
     -------------------------------
 166 |   0|   0|   0|   1|   0|   0|
     ------------------------------------
 167 |   0|   0|   0|   0|   0|   0|   1|
     -----------------------------------------
 168 |   0|   0|   0|   0|   0|   0|   0|  15|
     ----------------------------------------------
 169 |   0|   0|   0|   0|   0|   0|   0|   6|  10|
     ---------------------------------------------------
 170 |   0|   0|   0|   0|   0|   0|   0|  12|   4|   1|
     --------------------------------------------------------
 171 |   0|   0|   0|   0|   0|   0|   0|   3|   2|   0|   1|
     -------------------------------------------------------------
 172 |   0|   0|   0|   0|   0|   0|   0|  12|   8|   5|   2|   7|
     ------------------------------------------------------------------
 173 |   0|   0|   0|   0|   0|   0|   0|   3|   3|   0|   0|   1|  12|
     -----------------------------------------------------------------------
 174 |   0|   0|   0|   0|   0|   0|   0|  15|   3|   3|   0|   8|   7|  47|
     ----------------------------------------------------------------------------
 175 |   0|   0|   0|   0|   0|   0|   0|  18|   9|   5|   0|   8|   2|  11|  20|
     ---------------------------------------------------------------------------------
 176 |   0|   0|   0|   0|   0|   0|   0|  15|  15|   4|   2|   2|   1|  11|  11|  14|
     --------------------------------------------------------------------------------------
 177 |   0|   0|   0|   0|   0|   0|   0|   2|   6|   7|   1|   6|   4|   5|   7|   2|   4|
     -------------------------------------------------------------------------------------------
 178 |   0|   0|   0|   0|   0|   0|   0|   9|   9|   4|   2|   5|   4|  10|   8|  10|   3|   6|
     ------------------------------------------------------------------------------------------------
 179 |   0|   0|   0|   0|   0|   0|   0|  35|  12|  14|   8|  16|  12|  26|  23|  21|  10|  26|  46|
     -----------------------------------------------------------------------------------------------------
 180 |   0|   0|   0|   0|   0|   0|   0|  18|  11|   8|   4|  13|  20|  50|  16|  20|  13|  31|  38|  70|
     ----------------------------------------------------------------------------------------------------------
 181 |   0|   0|   0|   0|   0|   0|   0|   7|   1|   2|   0|   3|   5|   7|   4|   3|   1|   3|   4|  12|   4|
     ---------------------------------------------------------------------------------------------------------------
 182 |   0|   0|   0|   0|   0|   0|   0|   0|   0|   0|   0|   0|   0|   3|   1|   1|   0|   0|   2|   1|   0|   0|
     --------------------------------------------------------------------------------------------------------------------
 183 |   0|   0|   0|   0|   0|   0|   0|   1|   0|   1|   0|   0|   0|   5|   0|   1|   2|   1|   2|   6|   0|   0|   1|
     -------------------------------------------------------------------------------------------------------------------------
 184 |   1|   0|   0|   0|   0|   0|   0|  14|   7|   3|   3|   6|   6|  16|  10|   5|   4|   6|  19|  13|   5|   0|   0|  12|
     ------------------------------------------------------------------------------------------------------------------------------
 185 |   0|   0|   0|   0|   0|   0|   0|   6|   3|   0|   1|   7|   1|   8|   1|   2|   3|   5|  17|  12|   3|   2|   1|   3|   7|
     -----------------------------------------------------------------------------------------------------------------------------------
 186 |   0|   0|   0|   0|   0|   0|   0|   0|   0|   1|   0|   1|   2|   0|   0|   0|   1|   0|   1|   4|   1|   0|   2|   1|   2|   1|
     ----------------------------------------------------------------------------------------------------------------------------------------
 187 |   0|   0|   0|   0|   0|   0|   0|   0|   0|   0|   0|   0|   0|   0|   0|   0|   0|   0|   0|   4|   0|   0|   0|   0|   0|   0|   0|
     ----------------------------------------------------------------------------------------------------------------------------------------

Randomization test P-value    :       0  (      0) 
Percentage of partial switches:   4.69 
Percentage of full switches   :   8.59 
Percentage of all switches    :  13.29 

*** Locus 3 ***

Observed genotype frequencies: 

     ------
 148 |  10|
     -----------
 150 |   3|   9|
     ----------------
 161 |   9|   2|  36|
     ---------------------
 163 |   3|   0|   9|  34|
     --------------------------
 165 |  19|   7|  54|  55| 243|
     -------------------------------
 166 |   0|   0|   0|   0|   0|   0|
     ------------------------------------
 167 |   4|   1|   3|   5|  24|   0|  19|
     -----------------------------------------
 168 |   0|   0|   1|   0|   0|   0|   0|   0|
     ----------------------------------------------
 169 |   2|   0|   1|   1|   5|   0|   0|   0|   3|
     ---------------------------------------------------
 170 |   0|   0|   0|   0|   0|   0|   0|   0|   0|   1|
     --------------------------------------------------------
 171 |   1|   0|   3|   4|  13|   0|   1|   0|   1|   0|   5|
     -------------------------------------------------------------
 172 |   3|   3|   5|   3|  42|   0|   3|   0|   0|   0|   1|  20|
     ------------------------------------------------------------------
 173 |   3|   1|  11|   3|  36|   0|   5|   0|   1|   0|   1|   6|  13|
     -----------------------------------------------------------------------
 174 |   0|   0|   0|   0|   0|   0|   0|   0|   0|   0|   0|   0|   0|   0|
     ----------------------------------------------------------------------------
 175 |   8|   2|  14|  12| 101|   0|   6|   0|   3|   0|   5|  14|   9|   0|  47|
     ---------------------------------------------------------------------------------
 176 |   0|   0|   0|   0|   0|   0|   0|   0|   0|   0|   0|   0|   0|   0|   0|   2|
     --------------------------------------------------------------------------------------
 177 |   1|   4|   7|   3|  18|   0|   3|   0|   0|   0|   1|   3|   2|   0|   9|   0|   8|
     -------------------------------------------------------------------------------------------
 178 |   0|   0|   1|   0|   0|   1|   0|   0|   0|   0|   0|   0|   0|   0|   0|   0|   0|   1|
     ------------------------------------------------------------------------------------------------
 179 |   3|   3|   9|   2|  37|   0|   5|   0|   0|   0|   4|   2|   5|   0|   9|   0|   5|   0|   9|
     -----------------------------------------------------------------------------------------------------
 180 |   6|   2|   2|   4|  12|   0|   0|   0|   2|   0|   0|   1|   1|   0|   3|   0|   0|   0|   2|  13|
     ----------------------------------------------------------------------------------------------------------
 181 |   1|   2|   7|   0|  20|   0|   4|   0|   0|   0|   0|   2|   4|   0|   8|   0|   3|   0|   5|   2|   3|
     ---------------------------------------------------------------------------------------------------------------
 182 |   3|   5|   4|   3|  24|   0|   2|   0|   0|   0|   2|   6|   7|   0|   8|   0|   2|   0|   4|   2|   3|  11|
     --------------------------------------------------------------------------------------------------------------------
 183 |   0|   0|   0|   0|   1|   0|   0|   0|   0|   0|   0|   0|   0|   1|   0|   0|   0|   0|   0|   0|   0|   0|   0|
     -------------------------------------------------------------------------------------------------------------------------
 184 |   2|   2|   2|   0|   6|   0|   0|   0|   0|   0|   0|   3|   2|   0|   1|   0|   1|   0|   1|   1|   2|   1|   0|   7|
     ------------------------------------------------------------------------------------------------------------------------------
 185 |   1|   1|   0|   2|   4|   0|   0|   0|   0|   0|   0|   0|   0|   0|   4|   0|   0|   0|   0|   0|   1|   0|   0|   0|   1|
     -----------------------------------------------------------------------------------------------------------------------------------
 186 |   0|   0|   0|   0|   0|   0|   0|   0|   0|   0|   0|   0|   0|   0|   0|   0|   0|   0|   0|   0|   0|   0|   0|   0|   0|   0|
     ----------------------------------------------------------------------------------------------------------------------------------------
 187 |   0|   0|   0|   0|   0|   0|   0|   0|   0|   0|   0|   0|   0|   0|   0|   0|   0|   0|   0|   0|   0|   0|   0|   0|   0|   0|   0|
     ---------------------------------------------------------------------------------------------------------------------------------------------
 188 |   0|   0|   0|   0|   0|   0|   0|   0|   0|   0|   0|   0|   0|   0|   0|   0|   0|   0|   0|   0|   0|   0|   0|   0|   0|   0|   1|   0|
     --------------------------------------------------------------------------------------------------------------------------------------------------
 189 |   0|   0|   0|   0|   0|   0|   0|   0|   0|   0|   0|   0|   0|   0|   0|   0|   0|   0|   0|   0|   0|   0|   0|   0|   0|   0|   0|   0|   0|
     -------------------------------------------------------------------------------------------------------------------------------------------------------
 190 |   0|   0|   0|   0|   0|   0|   0|   0|   0|   0|   0|   0|   0|   0|   0|   0|   0|   0|   0|   0|   0|   0|   0|   0|   0|   0|   1|   0|   0|   0|
     ------------------------------------------------------------------------------------------------------------------------------------------------------------
 191 |   0|   0|   0|   0|   0|   0|   0|   0|   0|   0|   0|   0|   0|   0|   0|   0|   0|   0|   0|   0|   0|   0|   0|   0|   0|   0|   0|   0|   0|   0|   0|
     -----------------------------------------------------------------------------------------------------------------------------------------------------------------
 192 |   0|   0|   0|   0|   0|   0|   0|   0|   0|   0|   0|   0|   0|   0|   0|   0|   0|   0|   0|   0|   0|   0|   0|   0|   0|   0|   1|   0|   1|   0|   0|   0|
     ----------------------------------------------------------------------------------------------------------------------------------------------------------------------
 193 |   0|   0|   0|   0|   0|   0|   0|   0|   0|   0|   0|   0|   0|   0|   0|   0|   0|   0|   0|   0|   0|   0|   0|   0|   0|   0|   0|   0|   0|   0|   0|   0|   0|
     ---------------------------------------------------------------------------------------------------------------------------------------------------------------------------
 194 |   0|   0|   0|   0|   0|   0|   0|   0|   0|   0|   0|   0|   0|   0|   0|   0|   0|   0|   0|   0|   0|   0|   0|   0|   0|   1|   0|   0|   0|   0|   1|   0|   0|   0|
     --------------------------------------------------------------------------------------------------------------------------------------------------------------------------------
 195 |   0|   0|   0|   0|   0|   0|   0|   0|   0|   0|   0|   0|   0|   0|   0|   0|   0|   0|   0|   0|   0|   0|   0|   0|   0|   0|   1|   0|   0|   0|   0|   0|   1|   0|   1|
     --------------------------------------------------------------------------------------------------------------------------------------------------------------------------------

Randomization test P-value    :       0  (      0) 
Percentage of partial switches:   1.85 
Percentage of full switches   :   2.29 
Percentage of all switches    :   4.14 

*** Locus 4 ***

Observed genotype frequencies: 

     ------
 148 |   0|
     -----------
 150 |   0|   0|
     ----------------
 161 |   0|   0|   1|
     ---------------------
 163 |   0|   0|   0|   0|
     --------------------------
 165 |   0|   0|  13|   1|  30|
     -------------------------------
 166 |   0|   0|   6|   0|  16|   1|
     ------------------------------------
 167 |   1|   0|   6|   2|  35|   4|  28|
     -----------------------------------------
 168 |   4|   0|   9|   2|  26|   9|  42|  20|
     ----------------------------------------------
 169 |   2|   2|  15|   4|  72|  21|  46|  53|  47|
     ---------------------------------------------------
 170 |   0|   0|   0|   3|   6|   1|  16|   6|  20|   8|
     --------------------------------------------------------
 171 |   1|   0|   2|   1|  13|   5|  41|  27|  41|  24|  19|
     -------------------------------------------------------------
 172 |   1|   0|   0|   0|   1|   1|   5|   1|   9|   2|   3|   1|
     ------------------------------------------------------------------
 173 |   0|   0|   4|   0|   9|   2|  11|  15|  18|   6|  11|   0|   2|
     -----------------------------------------------------------------------
 174 |   0|   0|   3|   0|  18|   6|  20|  14|  23|   5|   6|   0|   0|   4|
     ----------------------------------------------------------------------------
 175 |   0|   0|   4|   1|  14|   1|  17|  12|  22|   9|  13|   1|   6|  10|   6|
     ---------------------------------------------------------------------------------
 176 |   0|   0|   3|   0|   5|   0|   4|   5|   7|   3|   4|   0|   1|   6|   1|   1|
     --------------------------------------------------------------------------------------
 177 |   0|   0|   1|   0|   2|   1|   2|   3|   5|   2|   8|   0|   2|   0|   3|   0|   1|
     -------------------------------------------------------------------------------------------
 178 |   0|   1|   1|   0|   8|   1|  16|  14|   9|  10|  16|   2|  10|   3|  10|   1|   2|   4|
     ------------------------------------------------------------------------------------------------
 179 |   0|   0|   5|   2|  24|   2|  14|  16|  32|   3|   6|   0|   2|  14|   5|   1|   1|   1|   7|
     -----------------------------------------------------------------------------------------------------
 180 |   0|   0|   2|   0|   6|   4|   2|   3|  10|   3|   4|   0|   4|   3|   4|   0|   0|   2|   0|   0|
     ----------------------------------------------------------------------------------------------------------
 181 |   0|   0|   0|   0|   1|   0|   1|   0|   0|   0|   0|   0|   0|   0|   0|   0|   0|   0|   0|   0|   0|
     ---------------------------------------------------------------------------------------------------------------
 182 |   1|   0|   0|   0|   3|   1|   0|   0|   0|   1|   2|   0|   1|   0|   1|   0|   0|   0|   0|   1|   0|   0|
     --------------------------------------------------------------------------------------------------------------------
 183 |   0|   0|   0|   0|   0|   0|   4|   1|   0|   3|   2|   0|   1|   0|   0|   0|   0|   0|   0|   0|   0|   0|   0|
     -------------------------------------------------------------------------------------------------------------------------
 184 |   0|   0|   0|   0|   0|   0|   0|   0|   1|   0|   0|   0|   0|   0|   0|   0|   0|   0|   0|   0|   0|   0|   0|   0|
     ------------------------------------------------------------------------------------------------------------------------------
 185 |   0|   0|   0|   0|   0|   0|   0|   0|   0|   0|   0|   0|   0|   0|   0|   0|   0|   0|   0|   0|   0|   0|   0|   0|   0|
     -----------------------------------------------------------------------------------------------------------------------------------
 186 |   0|   0|   0|   0|   0|   0|   0|   0|   0|   0|   0|   0|   0|   0|   0|   0|   0|   0|   0|   0|   0|   0|   0|   0|   1|   0|
     ----------------------------------------------------------------------------------------------------------------------------------------
 187 |   0|   0|   0|   0|   0|   0|   0|   0|   0|   0|   0|   0|   0|   0|   0|   0|   0|   0|   0|   0|   0|   0|   0|   0|   0|   0|   0|
     ---------------------------------------------------------------------------------------------------------------------------------------------
 188 |   0|   0|   0|   0|   0|   0|   0|   0|   0|   0|   0|   0|   0|   0|   0|   0|   0|   0|   0|   0|   0|   0|   0|   0|   1|   0|   0|   0|
     --------------------------------------------------------------------------------------------------------------------------------------------------
 189 |   0|   0|   0|   0|   0|   0|   0|   0|   0|   0|   0|   0|   0|   0|   0|   0|   0|   0|   0|   0|   0|   0|   0|   0|   0|   0|   1|   0|   1|
     -------------------------------------------------------------------------------------------------------------------------------------------------------
 190 |   0|   0|   0|   0|   0|   0|   0|   0|   0|   0|   0|   0|   0|   0|   0|   0|   0|   0|   0|   0|   0|   0|   0|   0|   1|   0|   0|   0|   0|   0|
     ------------------------------------------------------------------------------------------------------------------------------------------------------------
 191 |   0|   0|   0|   0|   0|   0|   0|   0|   0|   0|   0|   0|   0|   0|   0|   0|   0|   0|   0|   0|   0|   0|   0|   0|   1|   0|   1|   0|   0|   0|   0|
     -----------------------------------------------------------------------------------------------------------------------------------------------------------------
 192 |   0|   0|   0|   0|   0|   0|   0|   0|   0|   0|   0|   0|   0|   0|   0|   0|   0|   0|   0|   0|   0|   0|   0|   0|   0|   0|   0|   1|   0|   0|   0|   0|
     ----------------------------------------------------------------------------------------------------------------------------------------------------------------------
 193 |   0|   0|   0|   0|   0|   0|   0|   0|   0|   0|   0|   0|   0|   0|   0|   0|   0|   0|   0|   0|   0|   0|   0|   0|   0|   0|   0|   0|   1|   0|   0|   0|   0|
     ----------------------------------------------------------------------------------------------------------------------------------------------------------------------

Randomization test P-value    :       0  (      0) 
Percentage of partial switches:   3.03 
Percentage of full switches   :   3.79 
Percentage of all switches    :   6.82 

*** Locus 5 ***

Observed genotype frequencies: 

     ------
 148 |   3|
     -----------
 150 |   1|   0|
     ----------------
 161 |   1|   0|   1|
     ---------------------
 163 |   0|   0|   1|   0|
     --------------------------
 165 |   0|   0|   0|   0|   0|
     -------------------------------
 166 |   1|   0|   0|   0|   1|   0|
     ------------------------------------
 167 |   0|   0|   0|   0|   0|   0|   1|
     -----------------------------------------
 168 |   0|   0|   0|   0|   0|   0|   0|   0|
     ----------------------------------------------
 169 |   0|   0|   0|   0|   0|   0|   1|   2|  52|
     ---------------------------------------------------
 170 |   0|   0|   0|   0|   0|   0|   0|   0|   6|   2|
     --------------------------------------------------------
 171 |   0|   0|   0|   0|   0|   0|   0|   0|   5|   0|   2|
     -------------------------------------------------------------
 172 |   0|   0|   0|   0|   0|   0|   1|   1|  22|   8|   9|  17|
     ------------------------------------------------------------------
 173 |   0|   0|   0|   0|   0|   0|   0|   1|  10|   6|   2|   5|   0|
     -----------------------------------------------------------------------
 174 |   0|   0|   0|   0|   0|   0|   1|   0|  19|   4|   6|  17|   4|   4|
     ----------------------------------------------------------------------------
 175 |   0|   0|   0|   0|   0|   0|   1|   0|  20|  11|  15|  26|   8|  16|  20|
     ---------------------------------------------------------------------------------
 176 |   0|   0|   0|   0|   0|   0|   1|   0|  35|  12|   3|  22|   4|  13|  29|   8|
     --------------------------------------------------------------------------------------
 177 |   0|   0|   0|   0|   0|   0|   0|   0|  39|   9|  14|  35|   5|  20|  31|  33|  31|
     -------------------------------------------------------------------------------------------
 178 |   0|   0|   0|   0|   0|   0|   0|   0|  19|   2|   6|  17|   2|  13|  27|  16|  31|   8|
     ------------------------------------------------------------------------------------------------
 179 |   0|   0|   0|   0|   0|   0|   0|   0|  12|   3|   6|  17|   0|   5|  11|  10|  21|   8|   1|
     -----------------------------------------------------------------------------------------------------
 180 |   0|   0|   0|   0|   0|   0|   1|   0|   8|   1|   1|   5|   3|   4|   5|   5|   9|   1|   6|   2|
     ----------------------------------------------------------------------------------------------------------
 181 |   0|   0|   0|   0|   0|   0|   0|   0|   1|   0|   0|   0|   0|   0|   0|   0|   0|   0|   0|   0|   0|
     ---------------------------------------------------------------------------------------------------------------
 182 |   0|   0|   0|   0|   0|   0|   1|   0|  21|   4|   2|  10|   2|   5|   7|   8|  11|  13|   7|   3|   0|   1|
     --------------------------------------------------------------------------------------------------------------------
 183 |   0|   0|   0|   0|   0|   0|   2|   0|  43|   6|   3|  17|   6|  15|  19|  27|  23|  13|  10|   8|   0|  18|  10|
     -------------------------------------------------------------------------------------------------------------------------
 184 |   0|   0|   0|   0|   0|   0|   0|   0|  18|   0|   2|   4|   1|   4|   6|   4|  13|   7|   4|   2|   0|   6|   6|   3|
     ------------------------------------------------------------------------------------------------------------------------------
 185 |   0|   0|   0|   0|   0|   0|   0|   0|   1|   3|   4|   2|   1|   3|   6|   6|   6|   2|   0|   1|   0|   3|   4|   1|   0|
     -----------------------------------------------------------------------------------------------------------------------------------
 186 |   0|   0|   0|   0|   0|   0|   0|   0|   3|   0|   1|   0|   0|   4|   0|   3|   2|   2|   2|   1|   0|   3|   3|   1|   2|   0|
     ----------------------------------------------------------------------------------------------------------------------------------------
 187 |   0|   0|   0|   0|   0|   0|   0|   0|   0|   1|   2|   1|   0|   1|   1|   0|   1|   1|   1|   1|   0|   0|   1|   0|   1|   0|   0|
     ---------------------------------------------------------------------------------------------------------------------------------------------
 188 |   0|   0|   0|   0|   0|   0|   0|   0|   0|   0|   0|   1|   0|   0|   0|   0|   1|   0|   0|   1|   0|   0|   0|   0|   0|   0|   0|   0|
     --------------------------------------------------------------------------------------------------------------------------------------------------
 189 |   0|   0|   0|   0|   0|   0|   0|   0|   0|   1|   0|   0|   0|   0|   0|   1|   0|   1|   0|   0|   0|   0|   0|   0|   1|   0|   0|   0|   0|
     -------------------------------------------------------------------------------------------------------------------------------------------------------
 190 |   0|   0|   0|   0|   0|   0|   0|   0|   0|   0|   0|   0|   1|   0|   0|   0|   1|   0|   0|   0|   0|   0|   0|   0|   0|   0|   0|   0|   0|   0|
     ------------------------------------------------------------------------------------------------------------------------------------------------------------
 191 |   0|   0|   0|   0|   0|   0|   0|   0|   2|   0|   0|   0|   0|   0|   0|   0|   0|   0|   0|   0|   0|   0|   0|   0|   0|   0|   0|   0|   0|   0|   0|
     -----------------------------------------------------------------------------------------------------------------------------------------------------------------
 192 |   0|   0|   0|   0|   0|   0|   0|   0|   0|   1|   0|   1|   0|   0|   0|   0|   0|   2|   0|   0|   0|   1|   0|   0|   0|   0|   0|   0|   0|   0|   0|   0|
     -----------------------------------------------------------------------------------------------------------------------------------------------------------------

Randomization test P-value    :       0  (      0) 
Percentage of partial switches:   3.47 
Percentage of full switches   :   4.63 
Percentage of all switches    :   8.09 

*** Locus 6 ***

Observed genotype frequencies: 

     ------
 148 |   7|
     -----------
 150 |  49| 438|
     ----------------
 161 |  25| 296| 127|
     ---------------------
 163 |   3|  55|  24|   9|
     --------------------------
 165 |   0|  14|   3|   1|   1|
     -------------------------------
 166 |   1| 152|  69|   9|   1|  59|
     ------------------------------------
 167 |   2|  58|  33|   3|   3|  14|   9|
     -----------------------------------------
 168 |   0|   0|   1|   0|   0|   0|   0|   0|
     ----------------------------------------------
 169 |   0|   0|   0|   0|   0|   0|   0|   0|   0|
     ---------------------------------------------------
 170 |   0|   0|   0|   0|   0|   0|   0|   0|   1|   2|
     --------------------------------------------------------
 171 |   0|   0|   0|   0|   0|   0|   0|   0|   0|   0|   1|
     -------------------------------------------------------------
 172 |   0|   0|   0|   0|   0|   0|   0|   0|   0|   0|   0|   0|
     ------------------------------------------------------------------
 173 |   0|   0|   0|   0|   0|   0|   0|   0|   0|   0|   0|   0|   1|
     -----------------------------------------------------------------------
 174 |   0|   0|   0|   0|   0|   0|   0|   0|   0|   0|   0|   0|   0|   0|
     ----------------------------------------------------------------------------
 175 |   0|   0|   0|   0|   0|   0|   0|   0|   0|   1|   0|   0|   0|   0|   0|
     ---------------------------------------------------------------------------------
 176 |   0|   0|   0|   0|   0|   0|   0|   0|   0|   0|   0|   0|   0|   0|   0|   0|
     --------------------------------------------------------------------------------------
 177 |   0|   0|   0|   0|   0|   0|   0|   0|   0|   0|   0|   0|   0|   0|   0|   1|   0|
     -------------------------------------------------------------------------------------------
 178 |   0|   0|   0|   0|   0|   0|   0|   0|   0|   0|   0|   0|   0|   1|   0|   0|   0|   0|
     ------------------------------------------------------------------------------------------------
 179 |   0|   0|   0|   0|   0|   0|   0|   0|   0|   0|   0|   1|   0|   0|   0|   0|   0|   0|   0|
     ------------------------------------------------------------------------------------------------

Randomization test P-value    :       0  (      0) 
Percentage of partial switches:   1.01 
Percentage of full switches   :   0.95 
Percentage of all switches    :   1.96 

*** Locus 7 ***

Observed genotype frequencies: 

     ------
 148 |   0|
     -----------
 150 |   0|   0|
     ----------------
 161 |   0|   0|   0|
     ---------------------
 163 |   2|   1|   0|   0|
     --------------------------
 165 |   1|   0|   0|   0|   0|
     -------------------------------
 166 |   1|   0|   0|   0|   1|   2|
     ------------------------------------
 167 |   1|   0|   0|   0|   0|   1|   0|
     -----------------------------------------
 168 |   0|   0|   0|   0|   0|   0|   0|   1|
     ----------------------------------------------
 169 |   0|   0|   0|   0|   0|   0|   0|   0|   5|
     ---------------------------------------------------
 170 |   0|   0|   1|   1|   0|   9|   4|   3|  22| 199|
     --------------------------------------------------------
 171 |   0|   0|   0|   0|   0|   1|   0|   0|   1|   5|   6|
     -------------------------------------------------------------
 172 |   0|   0|   0|   0|   0|   1|   0|   0|   1|  24|   2|  11|
     ------------------------------------------------------------------
 173 |   0|   0|   0|   0|   0|   0|   0|   0|   0|   1|   2|   0|   1|
     -----------------------------------------------------------------------
 174 |   0|   0|   0|   0|   0|   9|   5|   0|   4| 105|   5|  14|   1|  42|
     ----------------------------------------------------------------------------
 175 |   0|   0|   0|   0|   0|   1|   0|   0|   1|  12|   0|   0|   0|   0|   3|
     ---------------------------------------------------------------------------------
 176 |   0|   0|   0|   0|   0|   4|   0|   0|   4|  17|   4|   9|   0|  14|   1|   9|
     --------------------------------------------------------------------------------------
 177 |   0|   0|   0|   0|   0|  10|   1|   0|   0|  56|   0|   8|   1|  28|   2|  10|  31|
     -------------------------------------------------------------------------------------------
 178 |   0|   0|   0|   0|   0|   6|   0|   0|   0|  25|   0|   6|   2|  16|   1|   5|   9|  11|
     ------------------------------------------------------------------------------------------------
 179 |   0|   0|   0|   0|   0|   0|   0|   0|   0|   4|   1|   1|   0|   8|   0|   0|   2|   0|   1|
     -----------------------------------------------------------------------------------------------------
 180 |   0|   0|   0|   0|   0|   3|   0|   0|   0|  17|   0|   6|   0|   4|   0|   3|   6|   1|   1|   2|
     ----------------------------------------------------------------------------------------------------------
 181 |   0|   0|   0|   0|   0|   1|   0|   0|   6|  59|   4|   4|   0|  27|   1|   5|  10|   2|   2|   2|   4|
     ---------------------------------------------------------------------------------------------------------------
 182 |   0|   0|   0|   0|   0|   3|   1|   0|   1|  21|   2|   8|   2|  11|   0|   4|   9|   3|   3|   3|   3|   7|
     --------------------------------------------------------------------------------------------------------------------
 183 |   0|   0|   0|   0|   0|   1|   0|   0|   6|  26|   0|   0|   0|  11|   0|   5|   1|   1|   0|   1|   6|   0|   4|
     -------------------------------------------------------------------------------------------------------------------------
 184 |   0|   0|   0|   0|   0|   3|   0|   0|   0|  14|   0|   0|   0|   7|   1|   2|   5|   6|   0|   2|   2|   1|   2|   2|
     ------------------------------------------------------------------------------------------------------------------------------
 185 |   0|   0|   0|   0|   0|   1|   1|   0|   0|  17|   0|   1|   1|   9|   0|   2|   3|   2|   0|   0|   2|   2|   1|   2|   1|
     -----------------------------------------------------------------------------------------------------------------------------------
 186 |   0|   0|   0|   0|   0|   1|   1|   0|   0|  12|   1|   2|   2|   5|   0|   1|   6|   1|   0|   1|   3|   1|   2|   2|   0|   1|
     ----------------------------------------------------------------------------------------------------------------------------------------
 187 |   0|   0|   0|   0|   0|   0|   0|   0|   1|   3|   0|   0|   0|   2|   0|   0|   0|   1|   1|   1|   1|   0|   0|   0|   0|   0|   0|
     ---------------------------------------------------------------------------------------------------------------------------------------------
 188 |   0|   0|   0|   0|   0|   0|   0|   0|   2|  23|   0|   1|   0|   8|   1|   1|   5|   2|   1|   2|   2|   2|   2|   0|   2|   1|   0|   3|
     --------------------------------------------------------------------------------------------------------------------------------------------------
 189 |   0|   0|   0|   0|   0|   0|   0|   0|   4|  18|   0|   2|   0|   1|   0|   0|   0|   1|   0|   2|   1|   0|   2|   2|   0|   0|   0|   0|   0|
     -------------------------------------------------------------------------------------------------------------------------------------------------------
 190 |   0|   0|   0|   0|   0|   1|   0|   0|   0|   2|   1|   1|   0|   2|   0|   1|   1|   0|   0|   2|   3|   0|   0|   0|   0|   0|   0|   0|   1|   0|
     ------------------------------------------------------------------------------------------------------------------------------------------------------------
 191 |   0|   0|   0|   0|   0|   0|   0|   0|   0|   1|   0|   0|   0|   1|   0|   0|   0|   0|   0|   0|   0|   0|   0|   1|   0|   0|   0|   0|   0|   0|   0|
     -----------------------------------------------------------------------------------------------------------------------------------------------------------------
 192 |   0|   0|   0|   0|   0|   0|   0|   0|   0|   0|   0|   0|   0|   0|   0|   0|   0|   0|   1|   0|   0|   1|   0|   0|   1|   0|   0|   0|   0|   0|   0|   0|
     ----------------------------------------------------------------------------------------------------------------------------------------------------------------------
 193 |   0|   0|   0|   0|   0|   1|   0|   0|   0|   0|   0|   0|   0|   0|   1|   0|   0|   0|   0|   0|   0|   1|   0|   0|   0|   0|   0|   0|   0|   0|   0|   0|   2|
     ----------------------------------------------------------------------------------------------------------------------------------------------------------------------

Randomization test P-value    :       0  (      0) 
Percentage of partial switches:   5.08 
Percentage of full switches   :   4.17 
Percentage of all switches    :   9.25 

*** Locus 8 ***

Observed genotype frequencies: 

     ------
 148 |   0|
     -----------
 150 |   0|   1|
     ----------------
 161 |   0|   0|   0|
     ---------------------
 163 |   0|   0|   1|   0|
     --------------------------
 165 |   0|   0|   1|   0|   0|
     -------------------------------
 166 |   1|   0|   0|   1|   0|   0|
     ------------------------------------
 167 |   0|   0|   0|   0|   0|   0|   0|
     -----------------------------------------
 168 |   0|   0|   0|   0|   1|   0|   1|   0|
     ----------------------------------------------
 169 |   1|   0|   0|   0|   0|   0|   0|   0|   0|
     ---------------------------------------------------
 170 |   0|   0|   0|   0|   0|   0|   0|   0|   0|   2|
     --------------------------------------------------------
 171 |   0|   0|   0|   0|   0|   0|   0|   0|   0|   0|   0|
     -------------------------------------------------------------
 172 |   0|   0|   0|   0|   0|   0|   0|   0|   0|   0|   0|  85|
     ------------------------------------------------------------------
 173 |   0|   0|   0|   0|   0|   0|   0|   0|   0|   1|   0|  19|   4|
     -----------------------------------------------------------------------
 174 |   0|   0|   0|   0|   0|   0|   0|   0|   1|   0|   0|   0|   0|   0|
     ----------------------------------------------------------------------------
 175 |   0|   0|   0|   0|   0|   0|   0|   0|   0|   0|   0|   3|   0|   0|   0|
     ---------------------------------------------------------------------------------
 176 |   0|   0|   0|   0|   0|   0|   0|   0|   0|   1|   0|  61|  22|   0|   1|  13|
     --------------------------------------------------------------------------------------
 177 |   0|   0|   0|   0|   0|   0|   0|   0|   0|   4|   2| 130|  25|   0|   3|  35|  68|
     -------------------------------------------------------------------------------------------
 178 |   0|   0|   0|   0|   0|   0|   0|   0|   0|   0|   0|  81|   7|   0|   1|  30|  54|  37|
     ------------------------------------------------------------------------------------------------
 179 |   0|   0|   0|   0|   0|   0|   0|   0|   0|   0|   0|   0|   0|   0|   0|   0|   0|   0|   1|
     -----------------------------------------------------------------------------------------------------
 180 |   0|   0|   0|   0|   0|   0|   0|   0|   0|   7|   0| 129|  20|   0|   4|  39|  78|  39|   0|  60|
     ----------------------------------------------------------------------------------------------------------
 181 |   0|   0|   0|   0|   0|   0|   0|   0|   0|   2|   0|  63|   7|   0|   3|  15|  39|  42|   0|  38|  30|
     ---------------------------------------------------------------------------------------------------------------
 182 |   0|   0|   0|   0|   0|   0|   0|   0|   0|   1|   0|   3|   1|   0|   0|   0|   6|   1|   0|   3|   0|   0|
     --------------------------------------------------------------------------------------------------------------------
 183 |   0|   0|   0|   0|   0|   0|   0|   0|   0|   0|   0|   1|   0|   0|   0|   0|   2|   0|   0|   0|   0|   0|   0|
     -------------------------------------------------------------------------------------------------------------------------
 184 |   0|   0|   0|   0|   0|   0|   0|   0|   0|   0|   0|  24|   1|   0|   0|   4|   7|   8|   0|   6|   5|   0|   0|   1|
     ------------------------------------------------------------------------------------------------------------------------------
 185 |   0|   0|   0|   0|   0|   0|   0|   0|   0|   1|   0|   4|   1|   0|   0|   1|   6|   4|   0|   4|   0|   0|   0|   0|   0|
     -----------------------------------------------------------------------------------------------------------------------------------
 186 |   0|   0|   0|   0|   0|   0|   0|   0|   0|   0|   0|   1|   0|   0|   0|   0|   1|   2|   0|   1|   2|   0|   0|   0|   0|   0|
     ----------------------------------------------------------------------------------------------------------------------------------------
 187 |   0|   0|   0|   0|   0|   0|   0|   0|   0|   0|   0|   1|   0|   0|   0|   0|   0|   0|   0|   0|   0|   0|   0|   0|   0|   0|   0|
     ---------------------------------------------------------------------------------------------------------------------------------------------
 188 |   0|   0|   0|   0|   0|   0|   0|   0|   0|   0|   0|   4|   0|   0|   0|   0|   0|   3|   0|   0|   0|   0|   0|   0|   0|   0|   0|   0|
     ---------------------------------------------------------------------------------------------------------------------------------------------

Randomization test P-value    :       0  (      0) 
Percentage of partial switches:   1.45 
Percentage of full switches   :   1.18 
Percentage of all switches    :   2.63 

*** Locus 9 ***

Observed genotype frequencies: 

     ------
 148 |   0|
     -----------
 150 |   0|  24|
     ----------------
 161 |   0|  17|  28|
     ---------------------
 163 |   0|   1|   1|  10|
     --------------------------
 165 |   0|  10|   4|   3|  60|
     -------------------------------
 166 |   0|   1|   3|   1|   3|   7|
     ------------------------------------
 167 |   0|   1|   2|   1|   4|   0|   3|
     -----------------------------------------
 168 |   0|   2|   1|   4|   6|   3|   2|   9|
     ----------------------------------------------
 169 |   0|   0|   0|   0|   3|   0|   0|   1|   2|
     ---------------------------------------------------
 170 |   0|   3|   5|   1|   2|   1|   1|   3|   0|   3|
     --------------------------------------------------------
 171 |   0|   7|   8|   7|  12|   5|   2|   3|   2|   0|  30|
     -------------------------------------------------------------
 172 |   0|   0|   5|   0|   5|   2|   3|   1|   1|   0|   1|   2|
     ------------------------------------------------------------------
 173 |   0|   7|   7|   3|  10|   6|   7|   5|   0|   1|  13|   0|  28|
     -----------------------------------------------------------------------
 174 |   0|   0|   0|   0|   0|   0|   0|   0|   0|   0|   0|   0|   0|   0|
     ----------------------------------------------------------------------------
 175 |   0|   1|   0|   0|   0|   1|   1|   0|   0|   0|   1|   0|   0|   0|   3|
     ---------------------------------------------------------------------------------
 176 |   1|  37|  41|   5|  54|   8|   5|  11|   2|   5|  36|   8|  21|   0|   1|  86|
     --------------------------------------------------------------------------------------
 177 |   0|   8|   8|  10|  15|  10|   7|  13|   0|   3|  12|   3|   6|   0|   4|  14|  19|
     -------------------------------------------------------------------------------------------
 178 |   0|  10|  13|   7|  18|  11|   4|  14|   0|   6|  15|   4|  18|   1|   2|  24|  24|  17|
     ------------------------------------------------------------------------------------------------
 179 |   0|   4|  12|   5|   6|  11|   9|   9|   1|   3|  11|   6|   4|   1|   1|  10|  13|  18|  18|
     -----------------------------------------------------------------------------------------------------
 180 |   0|   0|   0|   1|   0|   0|   0|   0|   0|   0|   0|   0|   1|   0|   0|   1|   1|   3|   0|   0|
     ----------------------------------------------------------------------------------------------------------
 181 |   0|   0|   5|   1|   4|   2|   1|   5|   0|   0|   2|   2|   3|   0|   0|   3|   4|   4|   5|   0|   4|
     ---------------------------------------------------------------------------------------------------------------
 182 |   0|   0|   0|   0|   0|   0|   0|   0|   0|   0|   0|   0|   1|   0|   0|   0|   0|   0|   0|   0|   0|   0|
     --------------------------------------------------------------------------------------------------------------------
 183 |   0|   1|   1|   0|   0|   3|   1|   1|   0|   0|   2|   0|   4|   0|   1|   1|   3|   3|   2|   1|   0|   0|   1|
     -------------------------------------------------------------------------------------------------------------------------
 184 |   0|   0|   0|   0|   0|   0|   0|   1|   0|   0|   0|   0|   0|   0|   0|   0|   0|   0|   0|   0|   0|   0|   0|   0|
     ------------------------------------------------------------------------------------------------------------------------------
 185 |   0|   1|   3|   1|   2|   2|   3|   0|   0|   3|   4|   1|   4|   0|   0|   5|   2|   3|   1|   0|   0|   0|   0|   0|   2|
     -----------------------------------------------------------------------------------------------------------------------------------
 186 |   0|   0|   0|   0|   0|   0|   1|   1|   0|   0|   2|   0|   1|   0|   0|   1|   1|   1|   1|   0|   0|   0|   0|   0|   0|   1|
     ----------------------------------------------------------------------------------------------------------------------------------------
 187 |   0|   0|   0|   0|   0|   0|   0|   0|   0|   0|   0|   0|   0|   0|   0|   2|   0|   0|   0|   0|   0|   0|   0|   0|   0|   0|   1|
     ---------------------------------------------------------------------------------------------------------------------------------------------
 188 |   0|   0|   0|   0|   0|   0|   0|   0|   0|   0|   0|   0|   1|   0|   0|   0|   1|   0|   0|   0|   0|   0|   0|   0|   0|   0|   0|   0|
     --------------------------------------------------------------------------------------------------------------------------------------------------
 189 |   0|   0|   0|   2|   0|   0|   3|   0|   0|   0|   0|   0|   0|   0|   0|   0|   3|   2|   0|   0|   0|   0|   0|   0|   1|   0|   0|   0|   1|
     -------------------------------------------------------------------------------------------------------------------------------------------------------
 190 |   0|   0|   0|   0|   0|   0|   0|   0|   0|   0|   0|   0|   1|   0|   0|   0|   0|   0|   0|   0|   0|   0|   0|   0|   0|   0|   0|   0|   0|   0|
     ------------------------------------------------------------------------------------------------------------------------------------------------------------
 191 |   0|   0|   0|   0|   0|   0|   0|   0|   0|   0|   0|   0|   0|   0|   0|   0|   0|   1|   0|   0|   0|   0|   0|   0|   0|   0|   0|   0|   0|   0|   0|
     -----------------------------------------------------------------------------------------------------------------------------------------------------------------
 192 |   0|   0|   0|   0|   3|   0|   1|   0|   0|   0|   0|   0|   0|   0|   0|   0|   0|   1|   0|   0|   0|   0|   0|   0|   0|   0|   0|   0|   0|   0|   0|   0|
     ----------------------------------------------------------------------------------------------------------------------------------------------------------------------
 193 |   0|   0|   0|   0|   0|   0|   0|   0|   0|   0|   0|   0|   0|   0|   0|   0|   0|   0|   0|   0|   0|   0|   0|   0|   0|   0|   0|   0|   0|   0|   0|   0|   0|
     ---------------------------------------------------------------------------------------------------------------------------------------------------------------------------
 194 |   0|   0|   0|   0|   0|   0|   0|   0|   0|   0|   1|   0|   0|   0|   0|   0|   0|   0|   0|   0|   0|   0|   0|   0|   1|   0|   0|   0|   0|   0|   0|   0|   0|   1|
     --------------------------------------------------------------------------------------------------------------------------------------------------------------------------------
 195 |   0|   0|   0|   0|   0|   0|   0|   0|   0|   0|   0|   0|   0|   0|   0|   0|   0|   0|   0|   0|   0|   0|   0|   0|   0|   0|   0|   0|   0|   0|   0|   0|   1|   0|   0|
     -------------------------------------------------------------------------------------------------------------------------------------------------------------------------------------
 196 |   0|   0|   0|   0|   0|   0|   0|   0|   0|   0|   0|   0|   0|   0|   0|   0|   0|   0|   0|   0|   0|   0|   0|   0|   1|   0|   0|   0|   0|   0|   0|   0|   0|   0|   0|   0|
     ------------------------------------------------------------------------------------------------------------------------------------------------------------------------------------------
 197 |   0|   0|   0|   0|   0|   0|   0|   0|   0|   0|   0|   0|   0|   0|   0|   0|   0|   0|   0|   0|   0|   0|   0|   0|   0|   0|   0|   0|   0|   0|   0|   0|   0|   0|   0|   0|   0|
     -----------------------------------------------------------------------------------------------------------------------------------------------------------------------------------------------
 198 |   0|   0|   0|   0|   0|   0|   0|   0|   0|   0|   0|   0|   0|   0|   0|   0|   0|   0|   0|   0|   0|   0|   0|   0|   0|   0|   0|   0|   0|   0|   0|   0|   0|   0|   0|   0|   0|   1|
     ----------------------------------------------------------------------------------------------------------------------------------------------------------------------------------------------------
 199 |   0|   0|   0|   0|   0|   0|   0|   0|   0|   0|   0|   0|   0|   0|   0|   0|   0|   0|   0|   0|   0|   0|   0|   0|   0|   0|   0|   0|   0|   0|   0|   0|   0|   0|   0|   0|   0|   0|   1|
     ---------------------------------------------------------------------------------------------------------------------------------------------------------------------------------------------------------
 200 |   0|   0|   0|   0|   0|   0|   0|   0|   0|   0|   0|   0|   0|   0|   0|   0|   0|   0|   0|   0|   0|   0|   0|   0|   0|   0|   0|   0|   0|   0|   0|   0|   0|   0|   0|   0|   0|   0|   0|   0|
     --------------------------------------------------------------------------------------------------------------------------------------------------------------------------------------------------------------
 201 |   0|   0|   0|   0|   0|   0|   0|   0|   0|   0|   0|   0|   0|   0|   0|   0|   0|   0|   0|   0|   0|   0|   0|   0|   0|   0|   0|   0|   0|   0|   0|   0|   0|   0|   0|   0|   0|   0|   0|   1|   0|
     -------------------------------------------------------------------------------------------------------------------------------------------------------------------------------------------------------------------
 203 |   0|   1|   1|   2|   4|   2|   0|   2|   0|   0|   6|   0|   0|   0|   0|   2|   2|   3|   5|   1|   1|   0|   1|   0|   1|   0|   0|   0|   0|   0|   0|   0|   0|   1|   0|   0|   0|   0|   0|   0|   0|   2|
     ------------------------------------------------------------------------------------------------------------------------------------------------------------------------------------------------------------------------
 208 |   0|   0|   0|   0|   0|   0|   0|   0|   0|   0|   0|   0|   0|   0|   0|   0|   0|   0|   0|   0|   0|   0|   0|   0|   0|   0|   0|   0|   0|   0|   0|   0|   0|   0|   0|   0|   0|   1|   0|   0|   0|   0|   0|
     -----------------------------------------------------------------------------------------------------------------------------------------------------------------------------------------------------------------------------
  -1 |   0|   1|   0|   0|   0|   0|   0|   0|   0|   0|   0|   0|   0|   0|   0|   0|   0|   0|   0|   0|   0|   0|   0|   0|   0|   0|   0|   0|   0|   0|   0|   0|   0|   0|   0|   0|   0|   0|   0|   0|   0|   0|   0|   0|
     ----------------------------------------------------------------------------------------------------------------------------------------------------------------------------------------------------------------------------------
  -1 |   0|   0|   0|   0|   0|   0|   0|   0|   0|   0|   0|   0|   0|   0|   0|   0|   0|   0|   0|   0|   0|   0|   0|   0|   0|   0|   0|   0|   0|   0|   0|   0|   0|   0|   0|   0|   1|   0|   0|   0|   0|   0|   0|   0|   0|
     ---------------------------------------------------------------------------------------------------------------------------------------------------------------------------------------------------------------------------------------
  -1 |   0|   0|   0|   0|   0|   0|   0|   0|   0|   0|   0|   0|   0|   0|   0|   0|   0|   0|   0|   0|   0|   0|   0|   0|   0|   0|   0|   0|   0|   0|   0|   0|   0|   0|   0|   0|   0|   0|   1|   0|   0|   0|   0|   0|   0|   0|
     --------------------------------------------------------------------------------------------------------------------------------------------------------------------------------------------------------------------------------------------
  -1 |   0|   0|   0|   0|   0|   0|   0|   0|   0|   0|   0|   0|   0|   0|   0|   0|   0|   0|   0|   0|   0|   1|   0|   0|   0|   0|   0|   0|   0|   0|   0|   0|   0|   0|   0|   0|   0|   0|   0|   0|   0|   0|   1|   0|   0|   0|   0|
     -------------------------------------------------------------------------------------------------------------------------------------------------------------------------------------------------------------------------------------------------
  -1 |   0|   0|   0|   0|   0|   0|   0|   0|   0|   0|   0|   0|   0|   0|   0|   0|   1|   1|   0|   0|   0|   0|   0|   0|   0|   0|   0|   0|   0|   0|   0|   0|   0|   0|   0|   0|   0|   0|   0|   0|   0|   0|   0|   0|   0|   0|   0|   0|
     -------------------------------------------------------------------------------------------------------------------------------------------------------------------------------------------------------------------------------------------------

Randomization test P-value    :       0  (      0) 
Percentage of partial switches:   1.48 
Percentage of full switches   :   1.23 
Percentage of all switches    :   2.71 

*** Locus 10 ***

Observed genotype frequencies: 

     ------
 148 |   0|
     -----------
 150 |   0|   6|
     ----------------
 161 |   0|   0|   1|
     ---------------------
 163 |   0|   0|   0|   0|
     --------------------------
 165 |   0|   0|   0|   0|   0|
     -------------------------------
 166 |   0|   0|   0|   0|   0|   0|
     ------------------------------------
 167 |   0|   3|   2|   0|   1|   0|   3|
     -----------------------------------------
 168 |   0|   0|   0|   0|   0|   0|   0|   1|
     ----------------------------------------------
 169 |   0|   2|   4|   0|   0|   0|   6|   1|   9|
     ---------------------------------------------------
 170 |   0|   0|   1|   0|   0|   0|   3|   1|   4|   0|
     --------------------------------------------------------
 171 |   0|   2|   1|   0|   0|   0|   1|   0|   2|   0|   1|
     -------------------------------------------------------------
 172 |   0|   0|   0|   0|   0|   0|   0|   0|   1|   1|   0|   0|
     ------------------------------------------------------------------
 173 |   0|   3|   0|   0|   0|   0|   4|   0|   4|   2|   2|   0|   3|
     -----------------------------------------------------------------------
 174 |   0|   0|   0|   0|   0|   0|   0|   0|   0|   1|   0|   0|   0|   0|
     ----------------------------------------------------------------------------
 175 |   0|   0|   2|   1|   0|   0|   3|   0|   7|   1|   2|   0|   5|   0|   2|
     ---------------------------------------------------------------------------------
 176 |   0|   0|   0|   0|   0|   0|   0|   0|   0|   0|   0|   0|   0|   0|   0|   0|
     --------------------------------------------------------------------------------------
 177 |   0|   0|   1|   0|   0|   0|   1|   0|   3|   0|   1|   0|   0|   0|   0|   0|   1|
     -------------------------------------------------------------------------------------------
 178 |   0|   0|   0|   0|   0|   0|   0|   0|   0|   0|   0|   0|   0|   0|   0|   0|   0|   0|
     ------------------------------------------------------------------------------------------------
 179 |   0|   5|   5|   0|   0|   0|   6|   0|  12|   6|   4|   0|   2|   1|  13|   0|   0|   0|  16|
     -----------------------------------------------------------------------------------------------------
 180 |   0|   0|   1|   0|   0|   0|   1|   0|   0|   0|   0|   0|   1|   0|   1|   0|   0|   0|   0|   0|
     ----------------------------------------------------------------------------------------------------------
 181 |   1|   7|   2|   0|   2|   0|   4|   1|  17|   7|   5|   0|  10|   0|   9|   1|   5|   0|  15|   0|  39|
     ---------------------------------------------------------------------------------------------------------------
 182 |   0|   5|   2|   0|   0|   0|   5|   0|  17|   6|   2|   0|   8|   2|   3|   0|   3|   0|   5|   2|   5|   6|
     --------------------------------------------------------------------------------------------------------------------
 183 |   0|   8|   1|   1|   0|   0|   5|   0|  14|   0|   4|   1|   5|   1|   3|   0|   3|   0|  11|   2|  12|   2|  13|
     -------------------------------------------------------------------------------------------------------------------------
 184 |   0|   0|   0|   0|   0|   0|   1|   0|   3|   2|   1|   0|   0|   0|   0|   0|   1|   0|   1|   0|   2|   0|   1|   3|
     ------------------------------------------------------------------------------------------------------------------------------
 185 |   0|   0|   0|   0|   0|   0|   2|   0|   4|   3|   1|   1|   5|   0|   4|   0|   2|   0|   8|   2|  10|   2|   4|   0|   2|
     -----------------------------------------------------------------------------------------------------------------------------------
 186 |   0|   4|   0|   0|   1|   0|   3|   0|   1|   0|   1|   0|   0|   0|   2|   0|   0|   0|   3|   0|   7|   1|   0|   1|   1|   5|
     ----------------------------------------------------------------------------------------------------------------------------------------
 187 |   0|   8|   2|   0|   1|   0|   4|   0|  17|   2|   3|   2|   5|   0|   8|   0|   0|   0|   9|   3|  13|   7|  11|   5|   5|   2|  14|
     ---------------------------------------------------------------------------------------------------------------------------------------------
 188 |   0|   0|   0|   0|   0|   0|   1|   0|   0|   0|   0|   0|   1|   0|   1|   0|   0|   0|   2|   0|   0|   0|   0|   0|   0|   0|   1|   0|
     --------------------------------------------------------------------------------------------------------------------------------------------------
 189 |   0|   7|   1|   0|   0|   1|   7|   0|  26|   5|   9|   2|   7|   0|   4|   0|   3|   1|  14|   0|  27|  14|   8|   3|   3|   0|  23|   0|  25|
     -------------------------------------------------------------------------------------------------------------------------------------------------------
 190 |   0|   1|   0|   0|   0|   0|   0|   0|   0|   1|   1|   0|   1|   0|   0|   0|   0|   0|   0|   1|   3|   1|   0|   0|   0|   1|   1|   0|   1|   1|
     ------------------------------------------------------------------------------------------------------------------------------------------------------------
 191 |   0|   2|   0|   0|   0|   0|   4|   1|   7|   0|   2|   2|   3|   0|   3|   0|   3|   0|   9|   1|  12|   1|   6|   1|   1|   1|   6|   0|   9|   0|   5|
     -----------------------------------------------------------------------------------------------------------------------------------------------------------------
 192 |   0|   2|   0|   0|   0|   0|   1|   0|   2|   0|   2|   0|   1|   0|   0|   0|   0|   0|   1|   0|   2|   1|   0|   0|   1|   0|   2|   0|   0|   1|   0|   1|
     ----------------------------------------------------------------------------------------------------------------------------------------------------------------------
 193 |   0|   4|   0|   0|   0|   0|   4|   0|  16|   2|   8|   0|   3|   0|   4|   0|   5|   0|  12|   2|  11|  11|   5|   1|   5|   2|  10|   1|  19|   0|   8|   1|   5|
     ---------------------------------------------------------------------------------------------------------------------------------------------------------------------------
 194 |   0|   3|   1|   0|   0|   0|   5|   0|   5|   1|   0|   0|   1|   0|   2|   0|   1|   0|   2|   0|   7|   3|   4|   0|   0|   1|   1|   1|   1|   0|   0|   0|   2|   0|
     --------------------------------------------------------------------------------------------------------------------------------------------------------------------------------
 195 |   0|   2|   4|   0|   0|   0|   3|   0|  10|   5|   8|   1|   1|   0|   0|   0|   4|   0|  15|   0|  17|  12|   5|   2|   4|   3|  12|   2|  25|   0|   4|   1|   6|   1|   8|
     -------------------------------------------------------------------------------------------------------------------------------------------------------------------------------------
 196 |   0|   0|   0|   0|   0|   0|   0|   0|   0|   0|   0|   0|   0|   0|   1|   0|   0|   0|   0|   0|   0|   1|   1|   0|   0|   0|   2|   0|   0|   0|   1|   0|   0|   0|   2|   0|
     ------------------------------------------------------------------------------------------------------------------------------------------------------------------------------------------
 197 |   0|   0|   0|   0|   0|   0|   0|   0|   2|   0|   0|   0|   0|   0|   0|   0|   0|   0|   0|   0|   2|   2|   0|   0|   2|   0|   2|   0|   0|   0|   0|   0|   0|   0|   1|   0|   0|
     -----------------------------------------------------------------------------------------------------------------------------------------------------------------------------------------------
 198 |   0|   0|   0|   0|   0|   0|   0|   0|   0|   0|   0|   0|   0|   0|   1|   0|   0|   0|   0|   0|   0|   0|   0|   0|   1|   0|   0|   0|   0|   0|   0|   0|   0|   0|   1|   0|   0|   0|
     ----------------------------------------------------------------------------------------------------------------------------------------------------------------------------------------------------
 199 |   0|   0|   0|   0|   0|   0|   0|   0|   1|   0|   0|   0|   0|   1|   0|   0|   1|   0|   0|   0|   0|   0|   0|   0|   0|   0|   0|   0|   0|   0|   0|   0|   0|   0|   0|   0|   0|   0|   0|
     ---------------------------------------------------------------------------------------------------------------------------------------------------------------------------------------------------------
 200 |   0|   0|   0|   0|   0|   0|   0|   0|   0|   0|   0|   0|   0|   0|   0|   0|   0|   0|   0|   0|   0|   0|   0|   0|   0|   0|   1|   0|   0|   0|   0|   0|   0|   0|   0|   0|   0|   0|   0|   0|
     --------------------------------------------------------------------------------------------------------------------------------------------------------------------------------------------------------------
 201 |   0|   0|   0|   0|   0|   0|   0|   0|   0|   0|   0|   0|   0|   0|   0|   0|   0|   0|   0|   0|   1|   0|   0|   0|   0|   0|   0|   0|   0|   0|   0|   0|   0|   0|   0|   0|   0|   0|   0|   0|   0|
     -------------------------------------------------------------------------------------------------------------------------------------------------------------------------------------------------------------------
 203 |   0|   0|   0|   0|   0|   0|   0|   0|   0|   0|   0|   0|   1|   0|   0|   0|   0|   0|   0|   0|   0|   0|   0|   0|   0|   0|   1|   0|   0|   0|   0|   0|   0|   0|   0|   0|   0|   0|   0|   0|   0|   0|
     ------------------------------------------------------------------------------------------------------------------------------------------------------------------------------------------------------------------------
 208 |   0|   0|   0|   0|   0|   0|   0|   0|   0|   0|   0|   0|   0|   0|   0|   0|   0|   0|   0|   0|   0|   1|   0|   0|   0|   0|   0|   0|   1|   0|   0|   0|   0|   0|   0|   0|   0|   0|   0|   0|   0|   0|   0|
     ------------------------------------------------------------------------------------------------------------------------------------------------------------------------------------------------------------------------

Randomization test P-value    :       0  (      0) 
Percentage of partial switches:   3.52 
Percentage of full switches   :   3.18 
Percentage of all switches    :   6.70 

