Software Version            : FRANz 1.2.3
Dataset                     : cloneless
Time of Data Analysis       : Tue Apr 15 02:01:22 2025


*** Locus 1 ***

 +--------+--------+------------+------------+------------+--------------------------+
 | Allele |  Count | Heterozyg. |   Homozyg. |  Frequency | Frequency (Null Alleles) |
 +--------+--------+------------+------------+------------+--------------------------+
 |    135 |      2 |          2 |          0 |    0.00072 |                  0.00072 |
 |    137 |     43 |         43 |          0 |    0.01557 |                  0.01557 |
 |    139 |      8 |          8 |          0 |    0.00290 |                  0.00290 |
 |    141 |      5 |          5 |          0 |    0.00181 |                  0.00181 |
 |    143 |     18 |         18 |          0 |    0.00652 |                  0.00652 |
 |    145 |     91 |         87 |          2 |    0.03295 |                  0.03263 |
 |    147 |     33 |         32 |          0 |    0.01159 |                  0.01158 |
 |    149 |    147 |        145 |          1 |    0.05322 |                  0.05310 |
 |    151 |     72 |         72 |          0 |    0.02607 |                  0.02606 |
 |    153 |     49 |         45 |          2 |    0.01774 |                  0.01732 |
 |    155 |     79 |         67 |          6 |    0.02860 |                  0.02758 |
 |    157 |    233 |        199 |         17 |    0.08436 |                  0.08295 |
 |    159 |    266 |        248 |          9 |    0.09631 |                  0.09563 |
 |    161 |    149 |        135 |          7 |    0.05395 |                  0.05314 |
 |    163 |    294 |        246 |         24 |    0.10644 |                  0.10479 |
 |    165 |    171 |        157 |          7 |    0.06191 |                  0.06118 |
 |    167 |    200 |        177 |         11 |    0.07205 |                  0.07102 |
 |    169 |    204 |        186 |          9 |    0.07386 |                  0.07303 |
 |    171 |    262 |        217 |         22 |    0.09450 |                  0.09283 |
 |    173 |     94 |         86 |          4 |    0.03403 |                  0.03342 |
 |    175 |    112 |        110 |          1 |    0.04055 |                  0.04041 |
 |    177 |     67 |         61 |          3 |    0.02426 |                  0.02370 |
 |    179 |     85 |         83 |          1 |    0.03077 |                  0.03061 |
 |    181 |     32 |         32 |          0 |    0.01159 |                  0.01158 |
 |    183 |     15 |         15 |          0 |    0.00543 |                  0.00543 |
 |    185 |     11 |         11 |          0 |    0.00398 |                  0.00398 |
 |    187 |      5 |          5 |          0 |    0.00181 |                  0.00181 |
 |    189 |      6 |          6 |          0 |    0.00217 |                  0.00217 |
 |    193 |      8 |          8 |          0 |    0.00290 |                  0.00290 |
 |    195 |      4 |          4 |          0 |    0.00145 |                  0.00145 |
 +--------+--------+------------+------------+------------+--------------------------+
   TOTAL:     2765         2510          126

Observed Heterozygosity     : 0.9088
Expected Heterozygosity     : 0.9356
Hardy-Weinberg Test
   p-Value                  : 0.0110
   Standard Error           : 0.0028
Estimated Null Allele Freq. : 0.0122
Estimated Genotyping Failure: 0.0705 (105 untyped)
Polymorphic Inform. Content : 0.9315

Exclusion probability when 1 to 7 fullsibs are genotyped
  First Parent              : 0.7685239  0.8578124  0.9365887  0.9637164  0.9658238  0.9658665  0.9658668 
  Second Parent             : 0.8689968  0.9264950  0.9682840  0.9815426  0.9826900  0.9827289  0.9827293 
  Parent Pair               : 0.9707576  0.9903025  0.9980889  0.9993291  0.9994004  0.9994018  0.9994018 

Probability of identity
  2 unrelated individuals   : 0.0079555
  Siblings                  : 0.2843550

Sibship exclusion probability
  3 unrelated individuals   : 0.9050161
  4 unrelated individuals   : 0.9946686


*** Locus 2 ***

 +--------+--------+------------+------------+------------+--------------------------+
 | Allele |  Count | Heterozyg. |   Homozyg. |  Frequency | Frequency (Null Alleles) |
 +--------+--------+------------+------------+------------+--------------------------+
 |     19 |      1 |          1 |          0 |    0.00038 |                  0.00038 |
 |     99 |      6 |          0 |          3 |    0.00228 |                  0.00114 |
 |    107 |      1 |          1 |          0 |    0.00038 |                  0.00038 |
 |    111 |      2 |          2 |          0 |    0.00076 |                  0.00076 |
 |    115 |      2 |          0 |          1 |    0.00076 |                  0.00038 |
 |    117 |      1 |          1 |          0 |    0.00038 |                  0.00038 |
 |    121 |      2 |          0 |          1 |    0.00076 |                  0.00038 |
 |    173 |    207 |        174 |         15 |    0.07745 |                  0.07334 |
 |    175 |    117 |         98 |          9 |    0.04404 |                  0.04119 |
 |    177 |     78 |         73 |          1 |    0.02847 |                  0.02802 |
 |    179 |     30 |         28 |          1 |    0.01139 |                  0.01098 |
 |    181 |    118 |        103 |          7 |    0.04442 |                  0.04217 |
 |    183 |     95 |         70 |         12 |    0.03569 |                  0.03181 |
 |    185 |    283 |        185 |         44 |    0.10364 |                  0.09314 |
 |    187 |    170 |        131 |         19 |    0.06416 |                  0.05878 |
 |    189 |    154 |        126 |         14 |    0.05847 |                  0.05436 |
 |    191 |     85 |         77 |          4 |    0.03227 |                  0.03087 |
 |    193 |    149 |        135 |          6 |    0.05581 |                  0.05390 |
 |    195 |    382 |        285 |         45 |    0.14237 |                  0.13293 |
 |    197 |    433 |        286 |         69 |    0.16097 |                  0.14746 |
 |    199 |     69 |         60 |          4 |    0.02582 |                  0.02440 |
 |    201 |     10 |         10 |          0 |    0.00380 |                  0.00378 |
 |    203 |     24 |         21 |          1 |    0.00873 |                  0.00833 |
 |    205 |    151 |        121 |         12 |    0.05505 |                  0.05146 |
 |    207 |     90 |         76 |          7 |    0.03417 |                  0.03184 |
 |    209 |     18 |         16 |          1 |    0.00683 |                  0.00644 |
 |    211 |      2 |          2 |          0 |    0.00076 |                  0.00076 |
 +--------+--------+------------+------------+------------+--------------------------+
   TOTAL:     2680         2082          276

Observed Heterozygosity     : 0.7904
Expected Heterozygosity     : 0.9146
Hardy-Weinberg Test
   p-Value                  : 0.0000
   Standard Error           : 0.0000
Estimated Null Allele Freq. : 0.0702
Estimated Genotyping Failure: 0.0828 (126 untyped)
Polymorphic Inform. Content : 0.9082

Exclusion probability when 1 to 7 fullsibs are genotyped
  First Parent              : 0.7069259  0.8094434  0.9041678  0.9377706  0.9405953  0.9406750  0.9406757 
  Second Parent             : 0.8281197  0.8993536  0.9511415  0.9679035  0.9695523  0.9696273  0.9696281 
  Parent Pair               : 0.9524288  0.9826857  0.9956471  0.9980406  0.9982042  0.9982091  0.9982092 

Probability of identity
  2 unrelated individuals   : 0.0134298
  Siblings                  : 0.2962272

Sibship exclusion probability
  3 unrelated individuals   : 0.8531684
  4 unrelated individuals   : 0.9859921


*** Locus 3 ***

 +--------+--------+------------+------------+------------+--------------------------+
 | Allele |  Count | Heterozyg. |   Homozyg. |  Frequency | Frequency (Null Alleles) |
 +--------+--------+------------+------------+------------+--------------------------+
 |     91 |     91 |         71 |         10 |    0.03353 |                  0.02965 |
 |     93 |     56 |         38 |          9 |    0.02063 |                  0.01719 |
 |     95 |    214 |        142 |         36 |    0.07885 |                  0.06694 |
 |     97 |    173 |        107 |         33 |    0.06374 |                  0.05256 |
 |     99 |    951 |        467 |        240 |    0.34893 |                  0.30129 |
 |    100 |      1 |          1 |          0 |    0.00037 |                  0.00036 |
 |    101 |    100 |         64 |         18 |    0.03685 |                  0.03031 |
 |    102 |      1 |          1 |          0 |    0.00037 |                  0.00036 |
 |    103 |     22 |         16 |          3 |    0.00811 |                  0.00690 |
 |    104 |      2 |          0 |          1 |    0.00074 |                  0.00036 |
 |    105 |     47 |         37 |          5 |    0.01732 |                  0.01529 |
 |    107 |    132 |         96 |         18 |    0.04864 |                  0.04210 |
 |    109 |    123 |         97 |         13 |    0.04532 |                  0.04039 |
 |    110 |      1 |          1 |          0 |    0.00037 |                  0.00036 |
 |    111 |    305 |        210 |         47 |    0.11201 |                  0.09742 |
 |    112 |      4 |          0 |          2 |    0.00147 |                  0.00073 |
 |    113 |     77 |         61 |          8 |    0.02837 |                  0.02520 |
 |    114 |      4 |          2 |          1 |    0.00147 |                  0.00109 |
 |    115 |    114 |         95 |          9 |    0.04164 |                  0.03801 |
 |    117 |     66 |         40 |         13 |    0.02432 |                  0.01948 |
 |    119 |     68 |         62 |          3 |    0.02506 |                  0.02359 |
 |    121 |     98 |         76 |         11 |    0.03611 |                  0.03188 |
 |    122 |      2 |          2 |          0 |    0.00074 |                  0.00072 |
 |    123 |     36 |         24 |          6 |    0.01326 |                  0.01093 |
 |    125 |     14 |         12 |          1 |    0.00516 |                  0.00471 |
 |    130 |      1 |          1 |          0 |    0.00037 |                  0.00036 |
 |    150 |      4 |          4 |          0 |    0.00147 |                  0.00145 |
 |    152 |      1 |          1 |          0 |    0.00037 |                  0.00036 |
 |    156 |      1 |          1 |          0 |    0.00037 |                  0.00036 |
 |    158 |      1 |          1 |          0 |    0.00037 |                  0.00036 |
 |    160 |      1 |          1 |          0 |    0.00037 |                  0.00036 |
 |    162 |      2 |          2 |          0 |    0.00074 |                  0.00072 |
 |    164 |      1 |          1 |          0 |    0.00037 |                  0.00036 |
 |    166 |      2 |          2 |          0 |    0.00074 |                  0.00072 |
 |    170 |      4 |          2 |          1 |    0.00147 |                  0.00109 |
 +--------+--------+------------+------------+------------+--------------------------+
   TOTAL:     2720         1738          488

Observed Heterozygosity     : 0.6404
Expected Heterozygosity     : 0.8428
Hardy-Weinberg Test
   p-Value                  : 0.0000
   Standard Error           : 0.0000
Estimated Null Allele Freq. : 0.1360
Estimated Genotyping Failure: 0.0677 (126 untyped)
Polymorphic Inform. Content : 0.8327

Exclusion probability when 1 to 7 fullsibs are genotyped
  First Parent              : 0.5547719  0.6626038  0.7772671  0.8207904  0.8248738  0.8250285  0.8250299 
  Second Parent             : 0.7162348  0.8099628  0.8792618  0.9024940  0.9051268  0.9052758  0.9052773 
  Parent Pair               : 0.8963923  0.9518182  0.9799007  0.9864940  0.9870093  0.9870263  0.9870264 

Probability of identity
  2 unrelated individuals   : 0.0345427
  Siblings                  : 0.3374216

Sibship exclusion probability
  3 unrelated individuals   : 0.7203342
  4 unrelated individuals   : 0.9350280


*** Locus 4 ***

 +--------+--------+------------+------------+------------+--------------------------+
 | Allele |  Count | Heterozyg. |   Homozyg. |  Frequency | Frequency (Null Alleles) |
 +--------+--------+------------+------------+------------+--------------------------+
 |    130 |     10 |         10 |          0 |    0.00348 |                  0.00348 |
 |    136 |      3 |          3 |          0 |    0.00104 |                  0.00104 |
 |    138 |     74 |         72 |          1 |    0.02575 |                  0.02554 |
 |    140 |     16 |         16 |          0 |    0.00557 |                  0.00557 |
 |    142 |    324 |        269 |         27 |    0.11239 |                  0.11013 |
 |    144 |     82 |         80 |          1 |    0.02853 |                  0.02833 |
 |    146 |    343 |        286 |         28 |    0.11900 |                  0.11676 |
 |    148 |    296 |        256 |         20 |    0.10299 |                  0.10121 |
 |    150 |    501 |        405 |         47 |    0.17363 |                  0.17085 |
 |    152 |    138 |        121 |          8 |    0.04767 |                  0.04648 |
 |    154 |    262 |        225 |         18 |    0.09081 |                  0.08905 |
 |    156 |     28 |         25 |          1 |    0.00939 |                  0.00912 |
 |    158 |    106 |        102 |          2 |    0.03688 |                  0.03654 |
 |    160 |    134 |        126 |          4 |    0.04662 |                  0.04602 |
 |    162 |    145 |        133 |          6 |    0.05045 |                  0.04959 |
 |    164 |     41 |         39 |          1 |    0.01427 |                  0.01402 |
 |    166 |     34 |         32 |          1 |    0.01183 |                  0.01157 |
 |    168 |    114 |        106 |          4 |    0.03967 |                  0.03901 |
 |    170 |    140 |        125 |          7 |    0.04836 |                  0.04733 |
 |    172 |     48 |         48 |          0 |    0.01670 |                  0.01670 |
 |    174 |      2 |          2 |          0 |    0.00070 |                  0.00070 |
 |    176 |     11 |         11 |          0 |    0.00383 |                  0.00383 |
 |    178 |     11 |         11 |          0 |    0.00383 |                  0.00383 |
 |    180 |      1 |          1 |          0 |    0.00035 |                  0.00035 |
 |    208 |      4 |          4 |          0 |    0.00139 |                  0.00139 |
 |    210 |      1 |          1 |          0 |    0.00035 |                  0.00035 |
 |    220 |      2 |          2 |          0 |    0.00070 |                  0.00070 |
 |    222 |      2 |          2 |          0 |    0.00070 |                  0.00070 |
 |    224 |      4 |          2 |          1 |    0.00139 |                  0.00105 |
 |    226 |      1 |          1 |          0 |    0.00035 |                  0.00035 |
 |    234 |      2 |          2 |          0 |    0.00070 |                  0.00070 |
 |    238 |      1 |          1 |          0 |    0.00035 |                  0.00035 |
 |    246 |      1 |          1 |          0 |    0.00035 |                  0.00035 |
 +--------+--------+------------+------------+------------+--------------------------+
   TOTAL:     2882         2520          177

Observed Heterozygosity     : 0.8768
Expected Heterozygosity     : 0.9100
Hardy-Weinberg Test
   p-Value                  : 0.0000
   Standard Error           : 0.0000
Estimated Null Allele Freq. : 0.0171
Estimated Genotyping Failure: 0.0294 (44 untyped)
Polymorphic Inform. Content : 0.9030

Exclusion probability when 1 to 7 fullsibs are genotyped
  First Parent              : 0.6937695  0.7987893  0.8966954  0.9316507  0.9346496  0.9347402  0.9347410 
  Second Parent             : 0.8190529  0.8931958  0.9471107  0.9646566  0.9664377  0.9665234  0.9665243 
  Parent Pair               : 0.9476965  0.9806086  0.9949127  0.9976260  0.9978177  0.9978238  0.9978239 

Probability of identity
  2 unrelated individuals   : 0.0148583
  Siblings                  : 0.2988719

Sibship exclusion probability
  3 unrelated individuals   : 0.8402389
  4 unrelated individuals   : 0.9831656


*** Locus 5 ***

 +--------+--------+------------+------------+------------+--------------------------+
 | Allele |  Count | Heterozyg. |   Homozyg. |  Frequency | Frequency (Null Alleles) |
 +--------+--------+------------+------------+------------+--------------------------+
 |    105 |      9 |          3 |          3 |    0.00314 |                  0.00216 |
 |    109 |      1 |          1 |          0 |    0.00035 |                  0.00035 |
 |    113 |      4 |          2 |          1 |    0.00140 |                  0.00106 |
 |    117 |      1 |          1 |          0 |    0.00035 |                  0.00035 |
 |    121 |      1 |          1 |          0 |    0.00035 |                  0.00035 |
 |    125 |      2 |          2 |          0 |    0.00070 |                  0.00070 |
 |    204 |     10 |          8 |          1 |    0.00349 |                  0.00317 |
 |    206 |      4 |          4 |          0 |    0.00140 |                  0.00140 |
 |    208 |    383 |        281 |         51 |    0.13364 |                  0.13006 |
 |    210 |     81 |         77 |          2 |    0.02826 |                  0.02788 |
 |    212 |     84 |         79 |          2 |    0.02896 |                  0.02858 |
 |    214 |    254 |        219 |         17 |    0.08828 |                  0.08664 |
 |    216 |     60 |         60 |          0 |    0.02094 |                  0.02093 |
 |    218 |    162 |        154 |          4 |    0.05652 |                  0.05600 |
 |    220 |    273 |        235 |         19 |    0.09525 |                  0.09353 |
 |    222 |    247 |        230 |          8 |    0.08583 |                  0.08504 |
 |    224 |    360 |        298 |         31 |    0.12561 |                  0.12333 |
 |    226 |    198 |        182 |          8 |    0.06909 |                  0.06817 |
 |    228 |    122 |        120 |          1 |    0.04257 |                  0.04241 |
 |    230 |     67 |         63 |          2 |    0.02338 |                  0.02296 |
 |    231 |      1 |          1 |          0 |    0.00035 |                  0.00035 |
 |    232 |    124 |        122 |          1 |    0.04327 |                  0.04310 |
 |    234 |    240 |        219 |         10 |    0.08339 |                  0.08239 |
 |    236 |     83 |         77 |          3 |    0.02896 |                  0.02840 |
 |    238 |     44 |         44 |          0 |    0.01535 |                  0.01535 |
 |    240 |     27 |         27 |          0 |    0.00942 |                  0.00942 |
 |    242 |     12 |         12 |          0 |    0.00419 |                  0.00419 |
 |    244 |      3 |          3 |          0 |    0.00105 |                  0.00105 |
 |    246 |      4 |          4 |          0 |    0.00140 |                  0.00140 |
 |    248 |      2 |          2 |          0 |    0.00070 |                  0.00070 |
 |    250 |      2 |          2 |          0 |    0.00070 |                  0.00070 |
 |    252 |      5 |          5 |          0 |    0.00174 |                  0.00174 |
 +--------+--------+------------+------------+------------+--------------------------+
   TOTAL:     2870         2538          164

Observed Heterozygosity     : 0.8856
Expected Heterozygosity     : 0.9200
Hardy-Weinberg Test
   p-Value                  : 0.0000
   Standard Error           : 0.0000
Estimated Null Allele Freq. : 0.0162
Estimated Genotyping Failure: 0.0348 (52 untyped)
Polymorphic Inform. Content : 0.9141

Exclusion probability when 1 to 7 fullsibs are genotyped
  First Parent              : 0.7206767  0.8216186  0.9135769  0.9459366  0.9486116  0.9486827  0.9486834 
  Second Parent             : 0.8376928  0.9063647  0.9562113  0.9722630  0.9738019  0.9738686  0.9738692 
  Parent Pair               : 0.9565939  0.9846555  0.9964174  0.9985005  0.9986360  0.9986397  0.9986397 

Probability of identity
  2 unrelated individuals   : 0.0120631
  Siblings                  : 0.2931676

Sibship exclusion probability
  3 unrelated individuals   : 0.8637405
  4 unrelated individuals   : 0.9886471


*** Locus 6 ***

 +--------+--------+------------+------------+------------+--------------------------+
 | Allele |  Count | Heterozyg. |   Homozyg. |  Frequency | Frequency (Null Alleles) |
 +--------+--------+------------+------------+------------+--------------------------+
 |    101 |     92 |         80 |          6 |    0.03175 |                  0.02974 |
 |    105 |   1481 |        614 |        433 |    0.51070 |                  0.46570 |
 |    109 |    689 |        439 |        125 |    0.23775 |                  0.21658 |
 |    113 |    109 |         93 |          8 |    0.03761 |                  0.03503 |
 |    117 |     24 |         22 |          1 |    0.00828 |                  0.00789 |
 |    121 |    355 |        237 |         59 |    0.12250 |                  0.10901 |
 |    125 |    130 |        112 |          9 |    0.04486 |                  0.04201 |
 |    129 |      1 |          1 |          0 |    0.00035 |                  0.00034 |
 |    173 |      1 |          1 |          0 |    0.00035 |                  0.00034 |
 |    175 |      6 |          2 |          2 |    0.00207 |                  0.00137 |
 |    183 |      2 |          0 |          1 |    0.00069 |                  0.00034 |
 |    187 |      1 |          1 |          0 |    0.00035 |                  0.00034 |
 |    189 |      2 |          0 |          1 |    0.00069 |                  0.00034 |
 |    191 |      1 |          1 |          0 |    0.00035 |                  0.00034 |
 |    193 |      1 |          1 |          0 |    0.00035 |                  0.00034 |
 |    195 |      1 |          1 |          0 |    0.00035 |                  0.00034 |
 |    199 |      1 |          1 |          0 |    0.00035 |                  0.00034 |
 |    201 |      1 |          1 |          0 |    0.00035 |                  0.00034 |
 |    203 |      1 |          1 |          0 |    0.00035 |                  0.00034 |
 +--------+--------+------------+------------+------------+--------------------------+
   TOTAL:     2899         1608          645

Observed Heterozygosity     : 0.5549
Expected Heterozygosity     : 0.6634
Hardy-Weinberg Test
   p-Value                  : 0.0000
   Standard Error           : 0.0000
Estimated Null Allele Freq. : 0.0889
Estimated Genotyping Failure: 0.0184 (39 untyped)
Polymorphic Inform. Content : 0.6211

Exclusion probability when 1 to 7 fullsibs are genotyped
  First Parent              : 0.2597754  0.3477375  0.4505280  0.4979893  0.5067835  0.5075201  0.5075275 
  Second Parent             : 0.4345443  0.5509271  0.6428611  0.6812744  0.6893725  0.6901063  0.6901137 
  Parent Pair               : 0.6269381  0.7496137  0.8295894  0.8561929  0.8602489  0.8605599  0.8605630 

Probability of identity
  2 unrelated individuals   : 0.1555187
  Siblings                  : 0.4572982

Sibship exclusion probability
  3 unrelated individuals   : 0.2527857
  4 unrelated individuals   : 0.5058549


*** Locus 7 ***

 +--------+--------+------------+------------+------------+--------------------------+
 | Allele |  Count | Heterozyg. |   Homozyg. |  Frequency | Frequency (Null Alleles) |
 +--------+--------+------------+------------+------------+--------------------------+
 |    151 |      5 |          5 |          0 |    0.00182 |                  0.00182 |
 |    153 |      1 |          1 |          0 |    0.00036 |                  0.00036 |
 |    161 |      1 |          1 |          0 |    0.00036 |                  0.00036 |
 |    163 |      4 |          4 |          0 |    0.00146 |                  0.00145 |
 |    165 |      2 |          2 |          0 |    0.00073 |                  0.00073 |
 |    167 |     64 |         58 |          2 |    0.02259 |                  0.02190 |
 |    169 |     15 |         15 |          0 |    0.00547 |                  0.00545 |
 |    171 |      5 |          3 |          1 |    0.00182 |                  0.00146 |
 |    173 |     62 |         51 |          5 |    0.02223 |                  0.02060 |
 |    175 |    901 |        496 |        194 |    0.32216 |                  0.30100 |
 |    177 |     42 |         29 |          6 |    0.01494 |                  0.01292 |
 |    179 |    116 |         91 |         11 |    0.04118 |                  0.03800 |
 |    181 |     14 |         12 |          1 |    0.00510 |                  0.00473 |
 |    183 |    385 |        291 |         42 |    0.13666 |                  0.12884 |
 |    185 |     28 |         22 |          3 |    0.01020 |                  0.00916 |
 |    187 |    112 |         92 |          9 |    0.04009 |                  0.03746 |
 |    189 |    234 |        170 |         30 |    0.08382 |                  0.07689 |
 |    191 |    113 |         90 |         11 |    0.04082 |                  0.03763 |
 |    193 |     26 |         24 |          1 |    0.00948 |                  0.00910 |
 |    195 |     60 |         56 |          2 |    0.02187 |                  0.02117 |
 |    197 |    154 |        144 |          4 |    0.05539 |                  0.05420 |
 |    199 |     98 |         81 |          6 |    0.03389 |                  0.03205 |
 |    201 |     77 |         66 |          4 |    0.02697 |                  0.02568 |
 |    203 |     57 |         52 |          2 |    0.02041 |                  0.01971 |
 |    205 |     49 |         47 |          1 |    0.01786 |                  0.01748 |
 |    207 |     45 |         42 |          1 |    0.01603 |                  0.01566 |
 |    209 |      9 |          9 |          0 |    0.00328 |                  0.00327 |
 |    211 |     64 |         55 |          3 |    0.02223 |                  0.02123 |
 |    213 |     31 |         30 |          0 |    0.01093 |                  0.01089 |
 |    215 |     14 |         14 |          0 |    0.00510 |                  0.00508 |
 |    217 |      4 |          3 |          0 |    0.00109 |                  0.00109 |
 |    219 |      3 |          3 |          0 |    0.00109 |                  0.00109 |
 |    225 |      7 |          3 |          2 |    0.00255 |                  0.00183 |
 +--------+--------+------------+------------+------------+--------------------------+
   TOTAL:     2802         2062          341

Observed Heterozygosity     : 0.7515
Expected Heterozygosity     : 0.8573
Hardy-Weinberg Test
   p-Value                  : 0.0000
   Standard Error           : 0.0000
Estimated Null Allele Freq. : 0.0597
Estimated Genotyping Failure: 0.0378 (59 untyped)
Polymorphic Inform. Content : 0.8477

Exclusion probability when 1 to 7 fullsibs are genotyped
  First Parent              : 0.5835708  0.6906768  0.8022480  0.8442161  0.8481006  0.8482434  0.8482447 
  Second Parent             : 0.7378523  0.8275570  0.8937807  0.9159006  0.9183714  0.9185086  0.9185099 
  Parent Pair               : 0.9088330  0.9588858  0.9837687  0.9895175  0.9899852  0.9900026  0.9900028 

Probability of identity
  2 unrelated individuals   : 0.0296871
  Siblings                  : 0.3289385

Sibship exclusion probability
  3 unrelated individuals   : 0.7504502
  4 unrelated individuals   : 0.9469488


*** Locus 8 ***

 +--------+--------+------------+------------+------------+--------------------------+
 | Allele |  Count | Heterozyg. |   Homozyg. |  Frequency | Frequency (Null Alleles) |
 +--------+--------+------------+------------+------------+--------------------------+
 |    123 |      2 |          2 |          0 |    0.00071 |                  0.00071 |
 |    125 |      2 |          0 |          1 |    0.00071 |                  0.00036 |
 |    126 |      2 |          2 |          0 |    0.00071 |                  0.00071 |
 |    129 |      2 |          2 |          0 |    0.00071 |                  0.00071 |
 |    132 |      2 |          2 |          0 |    0.00071 |                  0.00071 |
 |    134 |      2 |          2 |          0 |    0.00071 |                  0.00071 |
 |    138 |      1 |          1 |          0 |    0.00036 |                  0.00036 |
 |    140 |      2 |          2 |          0 |    0.00071 |                  0.00071 |
 |    144 |      2 |          2 |          0 |    0.00071 |                  0.00071 |
 |    149 |     20 |         16 |          2 |    0.00714 |                  0.00648 |
 |    150 |      2 |          2 |          0 |    0.00071 |                  0.00071 |
 |    151 |    688 |        517 |         85 |    0.24518 |                  0.23811 |
 |    153 |    110 |        102 |          4 |    0.03926 |                  0.03830 |
 |    156 |      1 |          1 |          0 |    0.00036 |                  0.00036 |
 |    159 |     15 |         15 |          0 |    0.00535 |                  0.00535 |
 |    161 |    230 |        207 |         11 |    0.08173 |                  0.07982 |
 |    163 |    520 |        384 |         68 |    0.18558 |                  0.17863 |
 |    165 |    339 |        268 |         35 |    0.12063 |                  0.11584 |
 |    166 |      2 |          0 |          1 |    0.00071 |                  0.00036 |
 |    167 |    480 |        362 |         58 |    0.17059 |                  0.16430 |
 |    169 |    276 |        214 |         30 |    0.09779 |                  0.09313 |
 |    171 |     15 |         15 |          0 |    0.00535 |                  0.00535 |
 |    173 |      3 |          3 |          0 |    0.00107 |                  0.00107 |
 |    175 |     58 |         55 |          1 |    0.02034 |                  0.02004 |
 |    177 |     20 |         20 |          0 |    0.00714 |                  0.00713 |
 |    179 |      7 |          7 |          0 |    0.00250 |                  0.00250 |
 |    181 |      1 |          1 |          0 |    0.00036 |                  0.00036 |
 |    183 |      6 |          6 |          0 |    0.00214 |                  0.00214 |
 +--------+--------+------------+------------+------------+--------------------------+
   TOTAL:     2810         2210          296

Observed Heterozygosity     : 0.7887
Expected Heterozygosity     : 0.8437
Hardy-Weinberg Test
   p-Value                  : 0.0000
   Standard Error           : 0.0000
Estimated Null Allele Freq. : 0.0343
Estimated Genotyping Failure: 0.0529 (80 untyped)
Polymorphic Inform. Content : 0.8249

Exclusion probability when 1 to 7 fullsibs are genotyped
  First Parent              : 0.5223245  0.6470798  0.7751482  0.8251085  0.8309461  0.8312758  0.8312790 
  Second Parent             : 0.6891425  0.7972207  0.8769571  0.9055165  0.9098268  0.9101504  0.9101536 
  Parent Pair               : 0.8603893  0.9352746  0.9738658  0.9834899  0.9844847  0.9845403  0.9845408 

Probability of identity
  2 unrelated individuals   : 0.0430983
  Siblings                  : 0.3390501

Sibship exclusion probability
  3 unrelated individuals   : 0.6261636
  4 unrelated individuals   : 0.9021097


*** Locus 9 ***

 +--------+--------+------------+------------+------------+--------------------------+
 | Allele |  Count | Heterozyg. |   Homozyg. |  Frequency | Frequency (Null Alleles) |
 +--------+--------+------------+------------+------------+--------------------------+
 |    122 |      1 |          1 |          0 |    0.00036 |                  0.00036 |
 |    123 |    160 |        112 |         24 |    0.05760 |                  0.05002 |
 |    124 |    187 |        131 |         28 |    0.06731 |                  0.05873 |
 |    125 |     75 |         54 |         10 |    0.02664 |                  0.02312 |
 |    126 |    283 |        166 |         58 |    0.10151 |                  0.08562 |
 |    127 |     89 |         74 |          7 |    0.03168 |                  0.02912 |
 |    128 |     66 |         59 |          3 |    0.02340 |                  0.02216 |
 |    129 |    104 |         85 |          9 |    0.03708 |                  0.03389 |
 |    130 |     14 |         10 |          2 |    0.00504 |                  0.00428 |
 |    131 |     42 |         36 |          3 |    0.01512 |                  0.01394 |
 |    132 |    209 |        149 |         30 |    0.07523 |                  0.06622 |
 |    133 |     45 |         41 |          2 |    0.01620 |                  0.01535 |
 |    134 |    177 |        121 |         28 |    0.06371 |                  0.05506 |
 |    135 |      2 |          2 |          0 |    0.00072 |                  0.00071 |
 |    136 |     20 |         13 |          3 |    0.00684 |                  0.00572 |
 |    138 |    465 |        294 |         85 |    0.16703 |                  0.14721 |
 |    140 |    200 |        162 |         19 |    0.07199 |                  0.06601 |
 |    142 |    242 |        208 |         17 |    0.08711 |                  0.08174 |
 |    144 |    171 |        137 |         17 |    0.06156 |                  0.05606 |
 |    146 |      9 |          9 |          0 |    0.00324 |                  0.00320 |
 |    148 |     50 |         42 |          4 |    0.01800 |                  0.01647 |
 |    150 |      2 |          2 |          0 |    0.00072 |                  0.00071 |
 |    152 |     27 |         25 |          1 |    0.00972 |                  0.00927 |
 |    154 |      1 |          1 |          0 |    0.00036 |                  0.00036 |
 |    156 |     43 |         39 |          2 |    0.01548 |                  0.01464 |
 |    158 |     11 |          9 |          1 |    0.00396 |                  0.00356 |
 |    160 |      4 |          2 |          1 |    0.00144 |                  0.00107 |
 |    162 |      2 |          2 |          0 |    0.00072 |                  0.00071 |
 |    164 |     12 |         10 |          1 |    0.00432 |                  0.00392 |
 |    166 |      1 |          1 |          0 |    0.00036 |                  0.00036 |
 |    168 |      1 |          1 |          0 |    0.00036 |                  0.00036 |
 |    170 |      5 |          5 |          0 |    0.00180 |                  0.00178 |
 |    173 |      1 |          1 |          0 |    0.00036 |                  0.00036 |
 |    174 |      5 |          3 |          1 |    0.00180 |                  0.00143 |
 |    175 |      1 |          1 |          0 |    0.00036 |                  0.00036 |
 |    176 |      1 |          1 |          0 |    0.00036 |                  0.00036 |
 |    179 |      1 |          1 |          0 |    0.00036 |                  0.00036 |
 |    181 |      3 |          1 |          1 |    0.00108 |                  0.00071 |
 |    182 |      3 |          1 |          1 |    0.00108 |                  0.00071 |
 |    183 |      1 |          1 |          0 |    0.00036 |                  0.00036 |
 |    184 |      1 |          1 |          0 |    0.00036 |                  0.00036 |
 |    186 |     39 |         35 |          2 |    0.01404 |                  0.01321 |
 |    187 |      2 |          2 |          0 |    0.00072 |                  0.00071 |
 |    188 |      1 |          1 |          0 |    0.00036 |                  0.00036 |
 |    191 |      1 |          1 |          0 |    0.00036 |                  0.00036 |
 |    193 |      1 |          1 |          0 |    0.00036 |                  0.00036 |
 |    195 |      2 |          2 |          0 |    0.00072 |                  0.00071 |
 |    196 |      2 |          2 |          0 |    0.00072 |                  0.00071 |
 +--------+--------+------------+------------+------------+--------------------------+
   TOTAL:     2785         2058          360

Observed Heterozygosity     : 0.7408
Expected Heterozygosity     : 0.9229
Hardy-Weinberg Test
   p-Value                  : 0.0014
   Standard Error           : 0.0011
Estimated Null Allele Freq. : 0.1069
Estimated Genotyping Failure: 0.0519 (93 untyped)
Polymorphic Inform. Content : 0.9176

Exclusion probability when 1 to 7 fullsibs are genotyped
  First Parent              : 0.7321702  0.8287869  0.9168112  0.9477094  0.9502162  0.9502779  0.9502785 
  Second Parent             : 0.8450010  0.9103548  0.9578979  0.9731515  0.9745689  0.9746263  0.9746268 
  Parent Pair               : 0.9608721  0.9861881  0.9967764  0.9986420  0.9987615  0.9987646  0.9987646 

Probability of identity
  2 unrelated individuals   : 0.0109411
  Siblings                  : 0.2914549

Sibship exclusion probability
  3 unrelated individuals   : 0.8771926
  4 unrelated individuals   : 0.9901728


*** Locus 10 ***

 +--------+--------+------------+------------+------------+--------------------------+
 | Allele |  Count | Heterozyg. |   Homozyg. |  Frequency | Frequency (Null Alleles) |
 +--------+--------+------------+------------+------------+--------------------------+
 |    148 |      1 |          1 |          0 |    0.00038 |                  0.00038 |
 |    150 |     79 |         67 |          6 |    0.02977 |                  0.02813 |
 |    161 |     34 |         30 |          1 |    0.01206 |                  0.01172 |
 |    163 |      2 |          2 |          0 |    0.00075 |                  0.00075 |
 |    165 |      5 |          5 |          0 |    0.00188 |                  0.00188 |
 |    166 |      1 |          1 |          0 |    0.00038 |                  0.00038 |
 |    167 |     86 |         79 |          3 |    0.03203 |                  0.03121 |
 |    168 |      6 |          4 |          1 |    0.00226 |                  0.00189 |
 |    169 |    207 |        188 |          9 |    0.07762 |                  0.07592 |
 |    170 |     55 |         54 |          0 |    0.02035 |                  0.02032 |
 |    171 |     65 |         62 |          1 |    0.02411 |                  0.02381 |
 |    172 |     11 |         11 |          0 |    0.00414 |                  0.00414 |
 |    173 |     82 |         75 |          3 |    0.03052 |                  0.02970 |
 |    174 |      5 |          5 |          0 |    0.00188 |                  0.00188 |
 |    175 |     84 |         79 |          2 |    0.03127 |                  0.03072 |
 |    176 |      2 |          1 |          0 |    0.00038 |                  0.00038 |
 |    177 |     36 |         34 |          1 |    0.01356 |                  0.01323 |
 |    178 |      1 |          1 |          0 |    0.00038 |                  0.00038 |
 |    179 |    193 |        158 |         16 |    0.07159 |                  0.06850 |
 |    180 |     18 |         17 |          0 |    0.00641 |                  0.00640 |
 |    181 |    291 |        211 |         38 |    0.10814 |                  0.10228 |
 |    182 |    142 |        123 |          6 |    0.05087 |                  0.04950 |
 |    183 |    142 |        117 |         12 |    0.05313 |                  0.05046 |
 |    184 |     29 |         23 |          3 |    0.01093 |                  0.00993 |
 |    185 |     74 |         68 |          2 |    0.02713 |                  0.02655 |
 |    186 |     44 |         35 |          4 |    0.01620 |                  0.01495 |
 |    187 |    197 |        166 |         14 |    0.07310 |                  0.07041 |
 |    188 |     10 |         10 |          0 |    0.00377 |                  0.00376 |
 |    189 |    274 |        219 |         25 |    0.10136 |                  0.09735 |
 |    190 |     15 |         13 |          1 |    0.00565 |                  0.00530 |
 |    191 |     96 |         84 |          5 |    0.03542 |                  0.03412 |
 |    192 |     20 |         18 |          1 |    0.00754 |                  0.00719 |
 |    193 |    154 |        140 |          5 |    0.05652 |                  0.05541 |
 |    194 |     42 |         42 |          0 |    0.01583 |                  0.01581 |
 |    195 |    165 |        146 |          8 |    0.06104 |                  0.05936 |
 |    196 |      9 |          8 |          0 |    0.00301 |                  0.00301 |
 |    197 |     11 |         11 |          0 |    0.00414 |                  0.00414 |
 |    198 |      3 |          3 |          0 |    0.00113 |                  0.00113 |
 |    199 |      3 |          3 |          0 |    0.00113 |                  0.00113 |
 |    200 |      1 |          1 |          0 |    0.00038 |                  0.00038 |
 |    201 |      1 |          1 |          0 |    0.00038 |                  0.00038 |
 |    203 |      2 |          2 |          0 |    0.00075 |                  0.00075 |
 |    208 |      2 |          2 |          0 |    0.00075 |                  0.00075 |
 +--------+--------+------------+------------+------------+--------------------------+
   TOTAL:     2700         2320          167

Observed Heterozygosity     : 0.8742
Expected Heterozygosity     : 0.9416
Hardy-Weinberg Test
   p-Value                  : 0.0000
   Standard Error           : 0.0000
Estimated Null Allele Freq. : 0.0343
Estimated Genotyping Failure: 0.0793 (116 untyped)
Polymorphic Inform. Content : 0.9382

Exclusion probability when 1 to 7 fullsibs are genotyped
  First Parent              : 0.7884767  0.8716400  0.9442641  0.9690930  0.9709792  0.9710129  0.9710132 
  Second Parent             : 0.8814424  0.9339771  0.9722287  0.9843121  0.9853182  0.9853484  0.9853487 
  Parent Pair               : 0.9758674  0.9921522  0.9985366  0.9995173  0.9995715  0.9995725  0.9995725 

Probability of identity
  2 unrelated individuals   : 0.0065386
  Siblings                  : 0.2810139

Sibship exclusion probability
  3 unrelated individuals   : 0.9208717
  4 unrelated individuals   : 0.9961653


