Software Version            : FRANz 1.2.3
Dataset                     : cloneless
Time of Data Analysis       : Sat Jan  4 02:20:05 2025


*** Locus 1 ***

 +--------+--------+------------+------------+------------+--------------------------+
 | Allele |  Count | Heterozyg. |   Homozyg. |  Frequency | Frequency (Null Alleles) |
 +--------+--------+------------+------------+------------+--------------------------+
 |    135 |      2 |          2 |          0 |    0.00071 |                  0.00071 |
 |    137 |     43 |         43 |          0 |    0.01529 |                  0.01529 |
 |    139 |      8 |          8 |          0 |    0.00284 |                  0.00284 |
 |    141 |      5 |          5 |          0 |    0.00178 |                  0.00178 |
 |    143 |     18 |         18 |          0 |    0.00640 |                  0.00640 |
 |    145 |     93 |         89 |          2 |    0.03307 |                  0.03277 |
 |    147 |     33 |         32 |          0 |    0.01138 |                  0.01138 |
 |    149 |    151 |        149 |          1 |    0.05370 |                  0.05358 |
 |    151 |     73 |         73 |          0 |    0.02596 |                  0.02596 |
 |    153 |     49 |         45 |          2 |    0.01743 |                  0.01701 |
 |    155 |     80 |         68 |          6 |    0.02845 |                  0.02745 |
 |    157 |    236 |        202 |         17 |    0.08393 |                  0.08256 |
 |    159 |    278 |        256 |         11 |    0.09886 |                  0.09808 |
 |    161 |    151 |        137 |          7 |    0.05370 |                  0.05292 |
 |    163 |    296 |        248 |         24 |    0.10526 |                  0.10365 |
 |    165 |    175 |        161 |          7 |    0.06223 |                  0.06153 |
 |    167 |    202 |        179 |         11 |    0.07148 |                  0.07048 |
 |    169 |    210 |        191 |          9 |    0.07432 |                  0.07353 |
 |    171 |    265 |        220 |         22 |    0.09388 |                  0.09226 |
 |    173 |     99 |         91 |          4 |    0.03521 |                  0.03462 |
 |    175 |    112 |        110 |          1 |    0.03983 |                  0.03969 |
 |    177 |     68 |         62 |          3 |    0.02418 |                  0.02364 |
 |    179 |     86 |         84 |          1 |    0.03058 |                  0.03042 |
 |    181 |     33 |         33 |          0 |    0.01174 |                  0.01173 |
 |    183 |     15 |         15 |          0 |    0.00533 |                  0.00533 |
 |    185 |     11 |         11 |          0 |    0.00391 |                  0.00391 |
 |    187 |      6 |          6 |          0 |    0.00213 |                  0.00213 |
 |    189 |      6 |          6 |          0 |    0.00213 |                  0.00213 |
 |    193 |      8 |          8 |          0 |    0.00284 |                  0.00284 |
 |    195 |      4 |          4 |          0 |    0.00142 |                  0.00142 |
 +--------+--------+------------+------------+------------+--------------------------+
   TOTAL:     2816         2556          128

Observed Heterozygosity     : 0.9090
Expected Heterozygosity     : 0.9355
Hardy-Weinberg Test
   p-Value                  : 0.0218
   Standard Error           : 0.0039
Estimated Null Allele Freq. : 0.0119
Estimated Genotyping Failure: 0.0718 (109 untyped)
Polymorphic Inform. Content : 0.9314

Exclusion probability when 1 to 7 fullsibs are genotyped
  First Parent              : 0.7682323  0.8576043  0.9364678  0.9636288  0.9657395  0.9657823  0.9657827 
  Second Parent             : 0.8688120  0.9263815  0.9682215  0.9814973  0.9826470  0.9826860  0.9826863 
  Parent Pair               : 0.9706790  0.9902732  0.9980814  0.9993257  0.9993973  0.9993988  0.9993988 

Probability of identity
  2 unrelated individuals   : 0.0079774
  Siblings                  : 0.2844053

Sibship exclusion probability
  3 unrelated individuals   : 0.9047769
  4 unrelated individuals   : 0.9946422


*** Locus 2 ***

 +--------+--------+------------+------------+------------+--------------------------+
 | Allele |  Count | Heterozyg. |   Homozyg. |  Frequency | Frequency (Null Alleles) |
 +--------+--------+------------+------------+------------+--------------------------+
 |     19 |      1 |          1 |          0 |    0.00037 |                  0.00037 |
 |     99 |      6 |          0 |          3 |    0.00224 |                  0.00112 |
 |    107 |      1 |          1 |          0 |    0.00037 |                  0.00037 |
 |    111 |      2 |          2 |          0 |    0.00075 |                  0.00074 |
 |    115 |      2 |          0 |          1 |    0.00075 |                  0.00037 |
 |    117 |      1 |          1 |          0 |    0.00037 |                  0.00037 |
 |    121 |      2 |          0 |          1 |    0.00075 |                  0.00037 |
 |    173 |    209 |        176 |         15 |    0.07704 |                  0.07295 |
 |    175 |    120 |         99 |         10 |    0.04450 |                  0.04139 |
 |    177 |     78 |         73 |          1 |    0.02805 |                  0.02759 |
 |    179 |     30 |         28 |          1 |    0.01122 |                  0.01082 |
 |    181 |    118 |        103 |          7 |    0.04375 |                  0.04152 |
 |    183 |     96 |         71 |         12 |    0.03553 |                  0.03169 |
 |    185 |    292 |        188 |         47 |    0.10546 |                  0.09440 |
 |    187 |    175 |        134 |         20 |    0.06507 |                  0.05949 |
 |    189 |    154 |        126 |         14 |    0.05759 |                  0.05351 |
 |    191 |     85 |         77 |          4 |    0.03179 |                  0.03040 |
 |    193 |    150 |        136 |          6 |    0.05535 |                  0.05344 |
 |    195 |    385 |        286 |         46 |    0.14136 |                  0.13175 |
 |    197 |    445 |        294 |         70 |    0.16230 |                  0.14873 |
 |    199 |     70 |         61 |          4 |    0.02580 |                  0.02440 |
 |    201 |     10 |         10 |          0 |    0.00374 |                  0.00372 |
 |    203 |     25 |         22 |          1 |    0.00898 |                  0.00858 |
 |    205 |    152 |        122 |         12 |    0.05460 |                  0.05103 |
 |    207 |     91 |         77 |          7 |    0.03403 |                  0.03173 |
 |    209 |     18 |         16 |          1 |    0.00673 |                  0.00634 |
 |    211 |      4 |          4 |          0 |    0.00150 |                  0.00149 |
 +--------+--------+------------+------------+------------+--------------------------+
   TOTAL:     2722         2108          283

Observed Heterozygosity     : 0.7883
Expected Heterozygosity     : 0.9143
Hardy-Weinberg Test
   p-Value                  : 0.0000
   Standard Error           : 0.0000
Estimated Null Allele Freq. : 0.0713
Estimated Genotyping Failure: 0.0865 (134 untyped)
Polymorphic Inform. Content : 0.9079

Exclusion probability when 1 to 7 fullsibs are genotyped
  First Parent              : 0.7061797  0.8087994  0.9036829  0.9373565  0.9401904  0.9402706  0.9402713 
  Second Parent             : 0.8275987  0.8989806  0.9508795  0.9676827  0.9693383  0.9694139  0.9694146 
  Parent Pair               : 0.9521806  0.9825706  0.9956031  0.9980147  0.9981800  0.9981849  0.9981850 

Probability of identity
  2 unrelated individuals   : 0.0135085
  Siblings                  : 0.2963882

Sibship exclusion probability
  3 unrelated individuals   : 0.8525268
  4 unrelated individuals   : 0.9858289


*** Locus 3 ***

 +--------+--------+------------+------------+------------+--------------------------+
 | Allele |  Count | Heterozyg. |   Homozyg. |  Frequency | Frequency (Null Alleles) |
 +--------+--------+------------+------------+------------+--------------------------+
 |     91 |     92 |         72 |         10 |    0.03333 |                  0.02951 |
 |     93 |     56 |         38 |          9 |    0.02029 |                  0.01690 |
 |     95 |    216 |        144 |         36 |    0.07826 |                  0.06652 |
 |     97 |    177 |        109 |         34 |    0.06413 |                  0.05281 |
 |     99 |    969 |        478 |        243 |    0.34928 |                  0.30181 |
 |    100 |      1 |          1 |          0 |    0.00036 |                  0.00036 |
 |    101 |    104 |         66 |         19 |    0.03768 |                  0.03091 |
 |    102 |      1 |          1 |          0 |    0.00036 |                  0.00036 |
 |    103 |     22 |         16 |          3 |    0.00797 |                  0.00678 |
 |    104 |      2 |          0 |          1 |    0.00072 |                  0.00036 |
 |    105 |     47 |         37 |          5 |    0.01703 |                  0.01503 |
 |    107 |    137 |         97 |         20 |    0.04964 |                  0.04257 |
 |    109 |    123 |         97 |         13 |    0.04457 |                  0.03970 |
 |    110 |      1 |          1 |          0 |    0.00036 |                  0.00036 |
 |    111 |    312 |        216 |         47 |    0.11232 |                  0.09794 |
 |    112 |      4 |          0 |          2 |    0.00145 |                  0.00071 |
 |    113 |     78 |         62 |          8 |    0.02826 |                  0.02513 |
 |    114 |      4 |          2 |          1 |    0.00145 |                  0.00107 |
 |    115 |    115 |         96 |          9 |    0.04130 |                  0.03773 |
 |    117 |     66 |         40 |         13 |    0.02391 |                  0.01915 |
 |    119 |     70 |         64 |          3 |    0.02536 |                  0.02391 |
 |    121 |     98 |         76 |         11 |    0.03551 |                  0.03134 |
 |    122 |      2 |          2 |          0 |    0.00072 |                  0.00071 |
 |    123 |     38 |         24 |          7 |    0.01377 |                  0.01112 |
 |    125 |     15 |         13 |          1 |    0.00543 |                  0.00498 |
 |    130 |      1 |          1 |          0 |    0.00036 |                  0.00036 |
 |    150 |      4 |          4 |          0 |    0.00145 |                  0.00142 |
 |    152 |      1 |          1 |          0 |    0.00036 |                  0.00036 |
 |    156 |      1 |          1 |          0 |    0.00036 |                  0.00036 |
 |    158 |      1 |          1 |          0 |    0.00036 |                  0.00036 |
 |    160 |      1 |          1 |          0 |    0.00036 |                  0.00036 |
 |    162 |      2 |          2 |          0 |    0.00072 |                  0.00071 |
 |    164 |      1 |          1 |          0 |    0.00036 |                  0.00036 |
 |    166 |      2 |          2 |          0 |    0.00072 |                  0.00071 |
 |    170 |      4 |          2 |          1 |    0.00145 |                  0.00107 |
 +--------+--------+------------+------------+------------+--------------------------+
   TOTAL:     2768         1768          496

Observed Heterozygosity     : 0.6406
Expected Heterozygosity     : 0.8425
Hardy-Weinberg Test
   p-Value                  : 0.0000
   Standard Error           : 0.0000
Estimated Null Allele Freq. : 0.1362
Estimated Genotyping Failure: 0.0694 (131 untyped)
Polymorphic Inform. Content : 0.8324

Exclusion probability when 1 to 7 fullsibs are genotyped
  First Parent              : 0.5542629  0.6621026  0.7768129  0.8203627  0.8244509  0.8246060  0.8246075 
  Second Parent             : 0.7158362  0.8096349  0.8789894  0.9022440  0.9048812  0.9050306  0.9050320 
  Parent Pair               : 0.8961359  0.9516670  0.9798151  0.9864276  0.9869448  0.9869618  0.9869620 

Probability of identity
  2 unrelated individuals   : 0.0346441
  Siblings                  : 0.3375741

Sibship exclusion probability
  3 unrelated individuals   : 0.7197592
  4 unrelated individuals   : 0.9347440


*** Locus 4 ***

 +--------+--------+------------+------------+------------+--------------------------+
 | Allele |  Count | Heterozyg. |   Homozyg. |  Frequency | Frequency (Null Alleles) |
 +--------+--------+------------+------------+------------+--------------------------+
 |    130 |     10 |         10 |          0 |    0.00342 |                  0.00342 |
 |    136 |      3 |          3 |          0 |    0.00103 |                  0.00102 |
 |    138 |     76 |         74 |          1 |    0.02597 |                  0.02577 |
 |    140 |     16 |         16 |          0 |    0.00547 |                  0.00547 |
 |    142 |    334 |        273 |         30 |    0.11381 |                  0.11136 |
 |    144 |     83 |         81 |          1 |    0.02837 |                  0.02817 |
 |    146 |    346 |        289 |         28 |    0.11791 |                  0.11569 |
 |    148 |    302 |        262 |         20 |    0.10321 |                  0.10146 |
 |    150 |    508 |        412 |         47 |    0.17293 |                  0.17019 |
 |    152 |    140 |        123 |          8 |    0.04751 |                  0.04633 |
 |    154 |    269 |        230 |         19 |    0.09159 |                  0.08977 |
 |    156 |     29 |         26 |          1 |    0.00957 |                  0.00930 |
 |    158 |    107 |        103 |          2 |    0.03657 |                  0.03623 |
 |    160 |    139 |        131 |          4 |    0.04751 |                  0.04691 |
 |    162 |    146 |        134 |          6 |    0.04990 |                  0.04904 |
 |    164 |     43 |         41 |          1 |    0.01470 |                  0.01445 |
 |    166 |     34 |         32 |          1 |    0.01162 |                  0.01136 |
 |    168 |    115 |        107 |          4 |    0.03930 |                  0.03865 |
 |    170 |    143 |        128 |          7 |    0.04853 |                  0.04751 |
 |    172 |     48 |         48 |          0 |    0.01640 |                  0.01640 |
 |    174 |      2 |          2 |          0 |    0.00068 |                  0.00068 |
 |    176 |     11 |         11 |          0 |    0.00376 |                  0.00376 |
 |    178 |     11 |         11 |          0 |    0.00376 |                  0.00376 |
 |    180 |      1 |          1 |          0 |    0.00034 |                  0.00034 |
 |    208 |      4 |          4 |          0 |    0.00137 |                  0.00137 |
 |    210 |      1 |          1 |          0 |    0.00034 |                  0.00034 |
 |    220 |      2 |          2 |          0 |    0.00068 |                  0.00068 |
 |    222 |      2 |          2 |          0 |    0.00068 |                  0.00068 |
 |    224 |      4 |          2 |          1 |    0.00137 |                  0.00103 |
 |    226 |      1 |          1 |          0 |    0.00034 |                  0.00034 |
 |    234 |      2 |          2 |          0 |    0.00068 |                  0.00068 |
 |    238 |      1 |          1 |          0 |    0.00034 |                  0.00034 |
 |    246 |      1 |          1 |          0 |    0.00034 |                  0.00034 |
 +--------+--------+------------+------------+------------+--------------------------+
   TOTAL:     2934         2564          181

Observed Heterozygosity     : 0.8763
Expected Heterozygosity     : 0.9100
Hardy-Weinberg Test
   p-Value                  : 0.0000
   Standard Error           : 0.0000
Estimated Null Allele Freq. : 0.0172
Estimated Genotyping Failure: 0.0315 (48 untyped)
Polymorphic Inform. Content : 0.9030

Exclusion probability when 1 to 7 fullsibs are genotyped
  First Parent              : 0.6937340  0.7988011  0.8967386  0.9317044  0.9347049  0.9347955  0.9347964 
  Second Parent             : 0.8190350  0.8932037  0.9471349  0.9646867  0.9664690  0.9665549  0.9665557 
  Parent Pair               : 0.9476643  0.9806008  0.9949136  0.9976280  0.9978198  0.9978259  0.9978260 

Probability of identity
  2 unrelated individuals   : 0.0148635
  Siblings                  : 0.2988667

Sibship exclusion probability
  3 unrelated individuals   : 0.8401199
  4 unrelated individuals   : 0.9831586


*** Locus 5 ***

 +--------+--------+------------+------------+------------+--------------------------+
 | Allele |  Count | Heterozyg. |   Homozyg. |  Frequency | Frequency (Null Alleles) |
 +--------+--------+------------+------------+------------+--------------------------+
 |    105 |      9 |          3 |          3 |    0.00309 |                  0.00212 |
 |    109 |      1 |          1 |          0 |    0.00034 |                  0.00034 |
 |    113 |      4 |          2 |          1 |    0.00137 |                  0.00104 |
 |    117 |      1 |          1 |          0 |    0.00034 |                  0.00034 |
 |    121 |      1 |          1 |          0 |    0.00034 |                  0.00034 |
 |    125 |      2 |          2 |          0 |    0.00069 |                  0.00069 |
 |    204 |     11 |          9 |          1 |    0.00377 |                  0.00346 |
 |    206 |      4 |          4 |          0 |    0.00137 |                  0.00137 |
 |    208 |    391 |        287 |         52 |    0.13409 |                  0.13058 |
 |    210 |     82 |         78 |          2 |    0.02812 |                  0.02775 |
 |    212 |     86 |         81 |          2 |    0.02915 |                  0.02878 |
 |    214 |    256 |        221 |         17 |    0.08745 |                  0.08586 |
 |    216 |     61 |         61 |          0 |    0.02092 |                  0.02091 |
 |    218 |    162 |        154 |          4 |    0.05556 |                  0.05504 |
 |    220 |    279 |        239 |         20 |    0.09568 |                  0.09393 |
 |    222 |    249 |        232 |          8 |    0.08505 |                  0.08428 |
 |    224 |    367 |        305 |         31 |    0.12586 |                  0.12366 |
 |    226 |    199 |        183 |          8 |    0.06824 |                  0.06735 |
 |    228 |    125 |        123 |          1 |    0.04287 |                  0.04271 |
 |    230 |     70 |         66 |          2 |    0.02401 |                  0.02361 |
 |    231 |      1 |          1 |          0 |    0.00034 |                  0.00034 |
 |    232 |    127 |        125 |          1 |    0.04355 |                  0.04340 |
 |    234 |    245 |        224 |         10 |    0.08368 |                  0.08271 |
 |    236 |     85 |         79 |          3 |    0.02915 |                  0.02860 |
 |    238 |     47 |         47 |          0 |    0.01612 |                  0.01611 |
 |    240 |     27 |         27 |          0 |    0.00926 |                  0.00926 |
 |    242 |     12 |         12 |          0 |    0.00412 |                  0.00411 |
 |    244 |      3 |          3 |          0 |    0.00103 |                  0.00103 |
 |    246 |      4 |          4 |          0 |    0.00137 |                  0.00137 |
 |    248 |      2 |          2 |          0 |    0.00069 |                  0.00069 |
 |    250 |      2 |          2 |          0 |    0.00069 |                  0.00069 |
 |    252 |      5 |          5 |          0 |    0.00171 |                  0.00171 |
 +--------+--------+------------+------------+------------+--------------------------+
   TOTAL:     2920         2584          166

Observed Heterozygosity     : 0.8861
Expected Heterozygosity     : 0.9201
Hardy-Weinberg Test
   p-Value                  : 0.0000
   Standard Error           : 0.0000
Estimated Null Allele Freq. : 0.0158
Estimated Genotyping Failure: 0.0374 (57 untyped)
Polymorphic Inform. Content : 0.9142

Exclusion probability when 1 to 7 fullsibs are genotyped
  First Parent              : 0.7209581  0.8218076  0.9136758  0.9460010  0.9486719  0.9487429  0.9487435 
  Second Parent             : 0.8378749  0.9064701  0.9562629  0.9722958  0.9738318  0.9738983  0.9738989 
  Parent Pair               : 0.9566966  0.9846936  0.9964270  0.9985047  0.9986398  0.9986434  0.9986434 

Probability of identity
  2 unrelated individuals   : 0.0120352
  Siblings                  : 0.2931223

Sibship exclusion probability
  3 unrelated individuals   : 0.8640580
  4 unrelated individuals   : 0.9886873


*** Locus 6 ***

 +--------+--------+------------+------------+------------+--------------------------+
 | Allele |  Count | Heterozyg. |   Homozyg. |  Frequency | Frequency (Null Alleles) |
 +--------+--------+------------+------------+------------+--------------------------+
 |    101 |     94 |         80 |          7 |    0.03186 |                  0.02960 |
 |    105 |   1501 |        624 |        438 |    0.50847 |                  0.46373 |
 |    109 |    705 |        451 |        127 |    0.23898 |                  0.21794 |
 |    113 |    113 |         95 |          9 |    0.03831 |                  0.03548 |
 |    117 |     24 |         22 |          1 |    0.00814 |                  0.00775 |
 |    121 |    364 |        246 |         59 |    0.12339 |                  0.11018 |
 |    125 |    131 |        113 |          9 |    0.04441 |                  0.04161 |
 |    129 |      1 |          1 |          0 |    0.00034 |                  0.00034 |
 |    173 |      1 |          1 |          0 |    0.00034 |                  0.00034 |
 |    175 |      6 |          2 |          2 |    0.00203 |                  0.00135 |
 |    183 |      2 |          0 |          1 |    0.00068 |                  0.00034 |
 |    187 |      1 |          1 |          0 |    0.00034 |                  0.00034 |
 |    189 |      2 |          0 |          1 |    0.00068 |                  0.00034 |
 |    191 |      1 |          1 |          0 |    0.00034 |                  0.00034 |
 |    193 |      1 |          1 |          0 |    0.00034 |                  0.00034 |
 |    195 |      1 |          1 |          0 |    0.00034 |                  0.00034 |
 |    199 |      1 |          1 |          0 |    0.00034 |                  0.00034 |
 |    201 |      1 |          1 |          0 |    0.00034 |                  0.00034 |
 |    203 |      1 |          1 |          0 |    0.00034 |                  0.00034 |
 +--------+--------+------------+------------+------------+--------------------------+
   TOTAL:     2951         1642          654

Observed Heterozygosity     : 0.5566
Expected Heterozygosity     : 0.6648
Hardy-Weinberg Test
   p-Value                  : 0.0000
   Standard Error           : 0.0000
Estimated Null Allele Freq. : 0.0887
Estimated Genotyping Failure: 0.0206 (43 untyped)
Polymorphic Inform. Content : 0.6224

Exclusion probability when 1 to 7 fullsibs are genotyped
  First Parent              : 0.2609898  0.3493391  0.4524466  0.5000493  0.5088765  0.5096162  0.5096236 
  Second Parent             : 0.4357307  0.5522749  0.6443383  0.6828312  0.6909581  0.6916951  0.6917025 
  Parent Pair               : 0.6279855  0.7506590  0.8306109  0.8572250  0.8612954  0.8616081  0.8616112 

Probability of identity
  2 unrelated individuals   : 0.1546865
  Siblings                  : 0.4563692

Sibship exclusion probability
  3 unrelated individuals   : 0.2539573
  4 unrelated individuals   : 0.5078303


*** Locus 7 ***

 +--------+--------+------------+------------+------------+--------------------------+
 | Allele |  Count | Heterozyg. |   Homozyg. |  Frequency | Frequency (Null Alleles) |
 +--------+--------+------------+------------+------------+--------------------------+
 |    151 |      5 |          5 |          0 |    0.00179 |                  0.00179 |
 |    153 |      1 |          1 |          0 |    0.00036 |                  0.00036 |
 |    161 |      1 |          1 |          0 |    0.00036 |                  0.00036 |
 |    163 |      4 |          4 |          0 |    0.00143 |                  0.00143 |
 |    165 |      2 |          2 |          0 |    0.00072 |                  0.00071 |
 |    167 |     65 |         59 |          2 |    0.02260 |                  0.02191 |
 |    169 |     15 |         15 |          0 |    0.00538 |                  0.00536 |
 |    171 |      5 |          3 |          1 |    0.00179 |                  0.00143 |
 |    173 |     64 |         53 |          5 |    0.02260 |                  0.02099 |
 |    175 |    918 |        502 |        199 |    0.32281 |                  0.30141 |
 |    177 |     42 |         29 |          6 |    0.01471 |                  0.01271 |
 |    179 |    116 |         91 |         11 |    0.04053 |                  0.03739 |
 |    181 |     14 |         12 |          1 |    0.00502 |                  0.00466 |
 |    183 |    391 |        297 |         42 |    0.13666 |                  0.12893 |
 |    185 |     28 |         22 |          3 |    0.01004 |                  0.00901 |
 |    187 |    112 |         92 |          9 |    0.03945 |                  0.03685 |
 |    189 |    239 |        173 |         31 |    0.08429 |                  0.07725 |
 |    191 |    113 |         90 |         11 |    0.04017 |                  0.03702 |
 |    193 |     27 |         25 |          1 |    0.00968 |                  0.00932 |
 |    195 |     61 |         57 |          2 |    0.02188 |                  0.02119 |
 |    197 |    156 |        146 |          4 |    0.05524 |                  0.05405 |
 |    199 |    101 |         82 |          7 |    0.03443 |                  0.03234 |
 |    201 |     78 |         67 |          4 |    0.02690 |                  0.02563 |
 |    203 |     57 |         52 |          2 |    0.02009 |                  0.01940 |
 |    205 |     49 |         47 |          1 |    0.01758 |                  0.01720 |
 |    207 |     45 |         42 |          1 |    0.01578 |                  0.01541 |
 |    209 |     10 |         10 |          0 |    0.00359 |                  0.00357 |
 |    211 |     64 |         55 |          3 |    0.02188 |                  0.02089 |
 |    213 |     35 |         34 |          0 |    0.01220 |                  0.01215 |
 |    215 |     15 |         15 |          0 |    0.00538 |                  0.00536 |
 |    217 |      4 |          3 |          0 |    0.00108 |                  0.00107 |
 |    219 |      3 |          3 |          0 |    0.00108 |                  0.00107 |
 |    225 |      7 |          3 |          2 |    0.00251 |                  0.00180 |
 +--------+--------+------------+------------+------------+--------------------------+
   TOTAL:     2847         2092          348

Observed Heterozygosity     : 0.7504
Expected Heterozygosity     : 0.8569
Hardy-Weinberg Test
   p-Value                  : 0.0000
   Standard Error           : 0.0000
Estimated Null Allele Freq. : 0.0600
Estimated Genotyping Failure: 0.0418 (66 untyped)
Polymorphic Inform. Content : 0.8473

Exclusion probability when 1 to 7 fullsibs are genotyped
  First Parent              : 0.5829012  0.6899856  0.8016065  0.8436051  0.8474940  0.8476370  0.8476383 
  Second Parent             : 0.7373370  0.8271183  0.8934047  0.9155485  0.9180230  0.9181605  0.9181618 
  Parent Pair               : 0.9085568  0.9587164  0.9836700  0.9894404  0.9899101  0.9899277  0.9899279 

Probability of identity
  2 unrelated individuals   : 0.0298032
  Siblings                  : 0.3291458

Sibship exclusion probability
  3 unrelated individuals   : 0.7498551
  4 unrelated individuals   : 0.9466239


*** Locus 8 ***

 +--------+--------+------------+------------+------------+--------------------------+
 | Allele |  Count | Heterozyg. |   Homozyg. |  Frequency | Frequency (Null Alleles) |
 +--------+--------+------------+------------+------------+--------------------------+
 |    123 |      2 |          2 |          0 |    0.00070 |                  0.00070 |
 |    125 |      2 |          0 |          1 |    0.00070 |                  0.00035 |
 |    126 |      2 |          2 |          0 |    0.00070 |                  0.00070 |
 |    129 |      2 |          2 |          0 |    0.00070 |                  0.00070 |
 |    132 |      2 |          2 |          0 |    0.00070 |                  0.00070 |
 |    134 |      2 |          2 |          0 |    0.00070 |                  0.00070 |
 |    138 |      1 |          1 |          0 |    0.00035 |                  0.00035 |
 |    140 |      2 |          2 |          0 |    0.00070 |                  0.00070 |
 |    144 |      2 |          2 |          0 |    0.00070 |                  0.00070 |
 |    149 |     21 |         17 |          2 |    0.00737 |                  0.00672 |
 |    150 |      2 |          2 |          0 |    0.00070 |                  0.00070 |
 |    151 |    695 |        524 |         85 |    0.24368 |                  0.23653 |
 |    153 |    112 |        104 |          4 |    0.03933 |                  0.03837 |
 |    156 |      1 |          1 |          0 |    0.00035 |                  0.00035 |
 |    159 |     15 |         15 |          0 |    0.00527 |                  0.00526 |
 |    161 |    237 |        209 |         13 |    0.08251 |                  0.08028 |
 |    163 |    528 |        392 |         68 |    0.18539 |                  0.17841 |
 |    165 |    347 |        272 |         37 |    0.12149 |                  0.11645 |
 |    166 |      2 |          0 |          1 |    0.00070 |                  0.00035 |
 |    167 |    490 |        368 |         60 |    0.17135 |                  0.16483 |
 |    169 |    278 |        216 |         30 |    0.09691 |                  0.09223 |
 |    171 |     15 |         15 |          0 |    0.00527 |                  0.00526 |
 |    173 |      3 |          3 |          0 |    0.00105 |                  0.00105 |
 |    175 |     58 |         55 |          1 |    0.02001 |                  0.01972 |
 |    177 |     21 |         21 |          0 |    0.00737 |                  0.00736 |
 |    179 |      7 |          7 |          0 |    0.00246 |                  0.00245 |
 |    181 |      1 |          1 |          0 |    0.00035 |                  0.00035 |
 |    183 |      7 |          7 |          0 |    0.00246 |                  0.00245 |
 +--------+--------+------------+------------+------------+--------------------------+
   TOTAL:     2857         2244          302

Observed Heterozygosity     : 0.7879
Expected Heterozygosity     : 0.8441
Hardy-Weinberg Test
   p-Value                  : 0.0000
   Standard Error           : 0.0000
Estimated Null Allele Freq. : 0.0352
Estimated Genotyping Failure: 0.0558 (86 untyped)
Polymorphic Inform. Content : 0.8253

Exclusion probability when 1 to 7 fullsibs are genotyped
  First Parent              : 0.5230538  0.6478459  0.7758871  0.8258177  0.8316459  0.8319747  0.8319779 
  Second Parent             : 0.6897509  0.7977468  0.8774108  0.9059342  0.9102348  0.9105575  0.9105607 
  Parent Pair               : 0.8608148  0.9355469  0.9740293  0.9836165  0.9846063  0.9846616  0.9846621 

Probability of identity
  2 unrelated individuals   : 0.0429320
  Siblings                  : 0.3388183

Sibship exclusion probability
  3 unrelated individuals   : 0.6270235
  4 unrelated individuals   : 0.9026496


*** Locus 9 ***

 +--------+--------+------------+------------+------------+--------------------------+
 | Allele |  Count | Heterozyg. |   Homozyg. |  Frequency | Frequency (Null Alleles) |
 +--------+--------+------------+------------+------------+--------------------------+
 |    122 |      1 |          1 |          0 |    0.00035 |                  0.00035 |
 |    123 |    161 |        113 |         24 |    0.05701 |                  0.04956 |
 |    124 |    193 |        137 |         28 |    0.06834 |                  0.05994 |
 |    125 |     77 |         56 |         10 |    0.02691 |                  0.02346 |
 |    126 |    289 |        168 |         60 |    0.10198 |                  0.08590 |
 |    127 |     90 |         75 |          7 |    0.03152 |                  0.02901 |
 |    128 |     66 |         59 |          3 |    0.02302 |                  0.02181 |
 |    129 |    107 |         88 |          9 |    0.03754 |                  0.03440 |
 |    130 |     14 |         10 |          2 |    0.00496 |                  0.00422 |
 |    131 |     43 |         37 |          3 |    0.01523 |                  0.01407 |
 |    132 |    212 |        152 |         30 |    0.07507 |                  0.06623 |
 |    133 |     46 |         42 |          2 |    0.01629 |                  0.01545 |
 |    134 |    180 |        124 |         28 |    0.06374 |                  0.05525 |
 |    135 |      2 |          2 |          0 |    0.00071 |                  0.00070 |
 |    136 |     20 |         13 |          3 |    0.00673 |                  0.00563 |
 |    138 |    472 |        298 |         86 |    0.16643 |                  0.14678 |
 |    140 |    206 |        168 |         19 |    0.07295 |                  0.06708 |
 |    142 |    245 |        211 |         17 |    0.08676 |                  0.08149 |
 |    144 |    174 |        138 |         18 |    0.06161 |                  0.05594 |
 |    146 |      9 |          9 |          0 |    0.00319 |                  0.00315 |
 |    148 |     50 |         42 |          4 |    0.01771 |                  0.01621 |
 |    150 |      2 |          2 |          0 |    0.00071 |                  0.00070 |
 |    152 |     27 |         25 |          1 |    0.00956 |                  0.00912 |
 |    154 |      1 |          1 |          0 |    0.00035 |                  0.00035 |
 |    156 |     43 |         39 |          2 |    0.01523 |                  0.01440 |
 |    158 |     11 |          9 |          1 |    0.00390 |                  0.00351 |
 |    160 |      4 |          2 |          1 |    0.00142 |                  0.00105 |
 |    162 |      2 |          2 |          0 |    0.00071 |                  0.00070 |
 |    164 |     13 |         11 |          1 |    0.00460 |                  0.00421 |
 |    166 |      1 |          1 |          0 |    0.00035 |                  0.00035 |
 |    168 |      1 |          1 |          0 |    0.00035 |                  0.00035 |
 |    170 |      5 |          5 |          0 |    0.00177 |                  0.00175 |
 |    173 |      1 |          1 |          0 |    0.00035 |                  0.00035 |
 |    174 |      5 |          3 |          1 |    0.00177 |                  0.00140 |
 |    175 |      1 |          1 |          0 |    0.00035 |                  0.00035 |
 |    176 |      1 |          1 |          0 |    0.00035 |                  0.00035 |
 |    179 |      1 |          1 |          0 |    0.00035 |                  0.00035 |
 |    181 |      3 |          1 |          1 |    0.00106 |                  0.00070 |
 |    182 |      3 |          1 |          1 |    0.00106 |                  0.00070 |
 |    183 |      1 |          1 |          0 |    0.00035 |                  0.00035 |
 |    184 |      1 |          1 |          0 |    0.00035 |                  0.00035 |
 |    186 |     39 |         35 |          2 |    0.01381 |                  0.01300 |
 |    187 |      2 |          2 |          0 |    0.00071 |                  0.00070 |
 |    188 |      1 |          1 |          0 |    0.00035 |                  0.00035 |
 |    191 |      1 |          1 |          0 |    0.00035 |                  0.00035 |
 |    193 |      1 |          1 |          0 |    0.00035 |                  0.00035 |
 |    195 |      2 |          2 |          0 |    0.00071 |                  0.00070 |
 |    196 |      2 |          2 |          0 |    0.00071 |                  0.00070 |
 +--------+--------+------------+------------+------------+--------------------------+
   TOTAL:     2832         2096          364

Observed Heterozygosity     : 0.7422
Expected Heterozygosity     : 0.9229
Hardy-Weinberg Test
   p-Value                  : 0.0000
   Standard Error           : 0.0000
Estimated Null Allele Freq. : 0.1058
Estimated Genotyping Failure: 0.0549 (99 untyped)
Polymorphic Inform. Content : 0.9176

Exclusion probability when 1 to 7 fullsibs are genotyped
  First Parent              : 0.7320008  0.8287029  0.9167964  0.9477190  0.9502287  0.9502906  0.9502911 
  Second Parent             : 0.8448974  0.9103086  0.9578907  0.9731576  0.9745771  0.9746347  0.9746353 
  Parent Pair               : 0.9608013  0.9861649  0.9967724  0.9986411  0.9987609  0.9987639  0.9987640 

Probability of identity
  2 unrelated individuals   : 0.0109581
  Siblings                  : 0.2914741

Sibship exclusion probability
  3 unrelated individuals   : 0.8769597
  4 unrelated individuals   : 0.9901519


*** Locus 10 ***

 +--------+--------+------------+------------+------------+--------------------------+
 | Allele |  Count | Heterozyg. |   Homozyg. |  Frequency | Frequency (Null Alleles) |
 +--------+--------+------------+------------+------------+--------------------------+
 |    148 |      1 |          1 |          0 |    0.00037 |                  0.00037 |
 |    150 |     80 |         68 |          6 |    0.02965 |                  0.02804 |
 |    161 |     34 |         30 |          1 |    0.01186 |                  0.01153 |
 |    163 |      2 |          2 |          0 |    0.00074 |                  0.00074 |
 |    165 |      5 |          5 |          0 |    0.00185 |                  0.00185 |
 |    166 |      1 |          1 |          0 |    0.00037 |                  0.00037 |
 |    167 |     87 |         80 |          3 |    0.03188 |                  0.03107 |
 |    168 |      6 |          4 |          1 |    0.00222 |                  0.00186 |
 |    169 |    207 |        188 |          9 |    0.07635 |                  0.07466 |
 |    170 |     55 |         54 |          0 |    0.02001 |                  0.01999 |
 |    171 |     65 |         62 |          1 |    0.02372 |                  0.02342 |
 |    172 |     11 |         11 |          0 |    0.00408 |                  0.00407 |
 |    173 |     82 |         75 |          3 |    0.03002 |                  0.02921 |
 |    174 |      6 |          6 |          0 |    0.00222 |                  0.00222 |
 |    175 |     85 |         80 |          2 |    0.03113 |                  0.03058 |
 |    176 |      2 |          1 |          0 |    0.00037 |                  0.00037 |
 |    177 |     39 |         37 |          1 |    0.01446 |                  0.01413 |
 |    178 |      1 |          1 |          0 |    0.00037 |                  0.00037 |
 |    179 |    196 |        161 |         16 |    0.07153 |                  0.06848 |
 |    180 |     18 |         17 |          0 |    0.00630 |                  0.00629 |
 |    181 |    300 |        217 |         39 |    0.10934 |                  0.10344 |
 |    182 |    143 |        124 |          6 |    0.05041 |                  0.04905 |
 |    183 |    146 |        118 |         13 |    0.05337 |                  0.05053 |
 |    184 |     31 |         25 |          3 |    0.01149 |                  0.01051 |
 |    185 |     77 |         71 |          2 |    0.02780 |                  0.02723 |
 |    186 |     46 |         35 |          5 |    0.01668 |                  0.01514 |
 |    187 |    200 |        169 |         14 |    0.07302 |                  0.07037 |
 |    188 |     10 |         10 |          0 |    0.00371 |                  0.00370 |
 |    189 |    276 |        221 |         25 |    0.10044 |                  0.09647 |
 |    190 |     15 |         13 |          1 |    0.00556 |                  0.00521 |
 |    191 |     99 |         87 |          5 |    0.03595 |                  0.03468 |
 |    192 |     20 |         18 |          1 |    0.00741 |                  0.00707 |
 |    193 |    156 |        142 |          5 |    0.05634 |                  0.05524 |
 |    194 |     42 |         42 |          0 |    0.01557 |                  0.01555 |
 |    195 |    170 |        151 |          8 |    0.06190 |                  0.06024 |
 |    196 |      9 |          8 |          0 |    0.00297 |                  0.00296 |
 |    197 |     11 |         11 |          0 |    0.00408 |                  0.00407 |
 |    198 |      3 |          3 |          0 |    0.00111 |                  0.00111 |
 |    199 |      3 |          3 |          0 |    0.00111 |                  0.00111 |
 |    200 |      1 |          1 |          0 |    0.00037 |                  0.00037 |
 |    201 |      1 |          1 |          0 |    0.00037 |                  0.00037 |
 |    203 |      2 |          2 |          0 |    0.00074 |                  0.00074 |
 |    208 |      2 |          2 |          0 |    0.00074 |                  0.00074 |
 +--------+--------+------------+------------+------------+--------------------------+
   TOTAL:     2746         2358          170

Observed Heterozygosity     : 0.8740
Expected Heterozygosity     : 0.9416
Hardy-Weinberg Test
   p-Value                  : 0.0000
   Standard Error           : 0.0000
Estimated Null Allele Freq. : 0.0345
Estimated Genotyping Failure: 0.0818 (122 untyped)
Polymorphic Inform. Content : 0.9382

Exclusion probability when 1 to 7 fullsibs are genotyped
  First Parent              : 0.7886522  0.8717565  0.9443237  0.9691317  0.9710159  0.9710495  0.9710498 
  Second Parent             : 0.8815505  0.9340397  0.9722591  0.9843319  0.9853367  0.9853668  0.9853671 
  Parent Pair               : 0.9759124  0.9921680  0.9985402  0.9995187  0.9995727  0.9995737  0.9995737 

Probability of identity
  2 unrelated individuals   : 0.0065262
  Siblings                  : 0.2809859

Sibship exclusion probability
  3 unrelated individuals   : 0.9210132
  4 unrelated individuals   : 0.9961781


